[]
[]
[(1, 15), (2, 9), (3, 9), (4, 9), (10, 6)]
[(1, 4), (2, 2), (3, 2), (4, 2), (10, 2)]
[]
[]
[(1, 5), (2, 3), (3, 3), (4, 3), (10, 2)]
[(1, 3), (2, 1), (3, 1), (4, 1), (10, 2)]
[(1, 11), (2, 5), (3, 5), (4, 5), (10, 6)]
[]
[(1, 8), (2, 4), (3, 4), (4, 4), (10, 4)]
[(1, 5), (10, 3), (3, 2), (4, 2), (2, 2)]
[(1, 12), (10, 6), (3, 6), (4, 6), (2, 6)]
[(1, 12), (10, 7), (3, 5), (4, 5), (2, 5)]
[(1, 23), (2, 9), (3, 9), (4, 9), (10, 14)]
[]
[]
[(1, 17), (10, 11), (3, 6), (4, 6), (2, 6)]
[]
[(1, 19), (10, 9), (3, 10), (4, 10), (2, 10)]
[(1, 27), (2, 12), (3, 12), (4, 12), (10, 15)]
[]
[(1, 12), (2, 6), (3, 6), (4, 6), (10, 6)]
[]
[(1, 18), (10, 11), (3, 7), (4, 7), (2, 7)]
[(1, 7), (10, 3), (3, 4), (4, 4), (2, 4)]
[(1, 29), (2, 16), (3, 16), (4, 16), (10, 13)]
[]
[(1, 50), (2, 25), (3, 25), (4, 25), (10, 25)]
[]
[(1, 15), (2, 7), (3, 7), (4, 7), (10, 8)]
[(1, 13), (2, 6), (3, 6), (4, 6), (10, 7)]
[(1, 14), (2, 7), (3, 7), (4, 7), (10, 7)]
[(1, 8), (2, 7), (3, 7), (4, 7), (10, 1)]
[(1, 96), (2, 92), (3, 92), (4, 92), (10, 4)]
[]
[(1, 6), (2, 5), (3, 5), (4, 5), (10, 1)]
[]
[(1, 6), (2, 3), (3, 3), (4, 3), (10, 3)]
[(1, 6), (10, 4), (3, 2), (4, 2), (2, 2)]
[(1, 6), (10, 4), (3, 2), (4, 2), (2, 2)]
[(1, 2), (10, 2)]
[(1, 14), (2, 8), (3, 8), (4, 8), (10, 6)]
[]
[(1, 2), (10, 1), (3, 1), (4, 1), (2, 1)]
[(1, 9), (10, 5), (3, 4), (4, 4), (2, 4)]
[]
[]
[]
[(1, 47), (2, 20), (3, 20), (4, 20), (10, 27)]
[(1, 17), (2, 13), (3, 13), (4, 13), (10, 4)]
[]
[(1, 13), (10, 7), (3, 6), (4, 6), (2, 6)]
[(1, 7), (10, 5), (3, 2), (4, 2), (2, 2)]
[]
[]
[(1, 23), (2, 10), (3, 10), (4, 10), (10, 13)]
[]
[(1, 7), (2, 5), (3, 5), (4, 5), (10, 2)]
[(1, 9), (10, 5), (3, 4), (4, 4), (2, 4)]
[(1, 12), (2, 5), (3, 5), (4, 5), (10, 7)]
[]
[]
[(1, 24), (2, 10), (3, 10), (4, 10), (10, 14)]
[]
[(1, 27), (2, 14), (3, 14), (4, 14), (10, 13)]
[]
[(1, 3), (2, 2), (3, 2), (4, 2), (10, 1)]
[(1, 30), (10, 16), (3, 14), (4, 14), (2, 14)]
[(1, 11), (2, 3), (3, 3), (4, 3), (10, 8)]
[(1, 2), (10, 2)]
[]
[(1, 5), (10, 3), (3, 2), (4, 2), (2, 2)]
[]
[(1, 9), (2, 8), (3, 8), (4, 8), (10, 1)]
[(1, 19), (10, 15), (3, 4), (4, 4), (2, 4)]
[(1, 48), (2, 20), (3, 20), (4, 20), (10, 28)]
[(1, 12), (10, 8), (3, 4), (4, 4), (2, 4)]
[(1, 10), (2, 5), (3, 5), (4, 5), (10, 5)]
[(1, 28), (2, 15), (3, 15), (4, 15), (10, 13)]
[]
[]
[(1, 12), (2, 7), (3, 7), (4, 7), (10, 5)]
[(1, 5), (10, 3), (3, 2), (4, 2), (2, 2)]
[(1, 10), (2, 5), (3, 5), (4, 5), (10, 5)]
[(1, 3), (2, 1), (3, 1), (4, 1), (10, 2)]
[(1, 6), (2, 4), (3, 4), (4, 4), (10, 2)]
[]
[]
[]
[(1, 21), (10, 14), (3, 7), (4, 7), (2, 7)]
[(1, 33), (2, 21), (3, 21), (4, 21), (10, 12)]
[]
[(1, 8), (2, 3), (3, 3), (4, 3), (10, 5)]
[(1, 16), (2, 8), (3, 8), (4, 8), (10, 8)]
[(1, 65), (10, 35), (3, 30), (4, 30), (2, 30)]
[]
[]
[(1, 5), (10, 2), (3, 3), (4, 3), (2, 3)]
[]
[]
[]
[]
[(1, 25), (2, 11), (3, 11), (4, 11), (10, 14)]
[]
[(1, 3), (10, 2), (3, 1), (4, 1), (2, 1)]
[]
[(1, 55), (2, 22), (3, 22), (4, 22), (10, 33)]
[]
[(1, 14), (2, 7), (3, 7), (4, 7), (10, 7)]
[(1, 15), (2, 8), (3, 8), (4, 8), (10, 7)]
[(1, 12), (2, 7), (3, 7), (4, 7), (10, 5)]
[(1, 2), (2, 1), (3, 1), (4, 1), (10, 1)]
[]
[(1, 26), (10, 18), (3, 8), (4, 8), (2, 8)]
[(1, 25), (2, 14), (3, 14), (4, 14), (10, 11)]
[(1, 18), (2, 9), (3, 9), (4, 9), (10, 9)]
[(1, 8), (2, 4), (3, 4), (4, 4), (10, 4)]
[(1, 19), (2, 11), (3, 11), (4, 11), (10, 8)]
[(1, 11), (10, 5), (3, 6), (4, 6), (2, 6)]
[(1, 16), (10, 6), (3, 10), (4, 10), (2, 10)]
[(1, 1), (2, 1), (3, 1), (4, 1)]
[(1, 33), (10, 20), (3, 13), (4, 13), (2, 13)]
[(1, 19), (10, 9), (3, 10), (4, 10), (2, 10)]
[(1, 12), (2, 7), (3, 7), (4, 7), (10, 5)]
[]
[]
[(1, 6), (2, 4), (3, 4), (4, 4), (10, 2)]
[(1, 3), (2, 2), (3, 2), (4, 2), (10, 1)]
[]
[(1, 20), (2, 7), (3, 7), (4, 7), (10, 13)]
[(1, 32), (10, 11), (3, 21), (4, 21), (2, 21)]
[(1, 9), (10, 6), (3, 3), (4, 3), (2, 3)]
[]
[(1, 6), (2, 3), (3, 3), (4, 3), (10, 3)]
[]
[(1, 6), (2, 4), (3, 4), (4, 4), (10, 2)]
[(1, 17), (10, 10), (3, 7), (4, 7), (2, 7)]
[(1, 12), (10, 7), (3, 5), (4, 5), (2, 5)]
[]
[]
[(1, 21), (2, 12), (3, 12), (4, 12), (10, 9)]
[]
[]
[(1, 5), (10, 4), (3, 1), (4, 1), (2, 1)]
[(1, 32), (2, 15), (3, 15), (4, 15), (10, 17)]
[(1, 32), (2, 15), (3, 15), (4, 15), (10, 17)]
[]
[(1, 4), (2, 3), (3, 3), (4, 3), (10, 1)]
[(1, 57), (10, 36), (3, 21), (4, 21), (2, 21)]
[(1, 3), (2, 1), (3, 1), (4, 1), (10, 2)]
[]
[(1, 2), (10, 1), (3, 1), (4, 1), (2, 1)]
[]
[(1, 11), (10, 7), (3, 4), (4, 4), (2, 4)]
[]
[(1, 10), (2, 3), (3, 3), (4, 3), (10, 7)]
[(1, 3), (2, 2), (3, 2), (4, 2), (10, 1)]
[(1, 32), (2, 22), (3, 22), (4, 22), (10, 10)]
[]
[(1, 6), (10, 4), (3, 2), (4, 2), (2, 2)]
[]
[]
[(1, 3), (10, 1), (3, 2), (4, 2), (2, 2)]
[]
[(1, 16), (10, 7), (3, 9), (4, 9), (2, 9)]
[]
[]
[(1, 21), (2, 14), (3, 14), (4, 14), (10, 7)]
[]
[(1, 11), (2, 8), (3, 8), (4, 8), (10, 3)]
[(1, 12), (2, 7), (3, 7), (4, 7), (10, 5)]
[(1, 3), (2, 2), (3, 2), (4, 2), (10, 1)]
[(1, 4), (2, 4), (3, 4), (4, 4)]
[]
[(1, 16), (10, 8), (3, 8), (4, 8), (2, 8)]
[(1, 3), (2, 1), (3, 1), (4, 1), (10, 2)]
[]
[]
[(1, 10), (10, 6), (3, 4), (4, 4), (2, 4)]
[(1, 16), (2, 9), (3, 9), (4, 9), (10, 7)]
[]
[(1, 28), (2, 14), (3, 14), (4, 14), (10, 14)]
[(1, 4), (2, 3), (3, 3), (4, 3), (10, 1)]
[(1, 6), (10, 4), (3, 2), (4, 2), (2, 2)]
[(1, 15), (2, 9), (3, 9), (4, 9), (10, 6)]
[(1, 23), (2, 9), (3, 9), (4, 9), (10, 14)]
[(1, 26), (10, 15), (3, 11), (4, 11), (2, 11)]
[(1, 23), (10, 14), (3, 9), (4, 9), (2, 9)]
[]
[]
[]
[(1, 5), (2, 4), (3, 4), (4, 4), (10, 1)]
[(1, 8), (2, 4), (3, 4), (4, 4), (10, 4)]
[]
[(1, 2), (10, 2)]
[(1, 35), (2, 20), (3, 20), (4, 20), (10, 15)]
[(1, 8), (2, 6), (3, 6), (4, 6), (10, 2)]
[(1, 11), (10, 6), (3, 5), (4, 5), (2, 5)]
[(1, 15), (2, 8), (3, 8), (4, 8), (10, 7)]
[(1, 15), (2, 8), (3, 8), (4, 8), (10, 7)]
[(1, 4), (10, 1), (3, 3), (4, 3), (2, 3)]
[(1, 5), (2, 3), (3, 3), (4, 3), (10, 2)]
[]
[(1, 3), (10, 2), (3, 1), (4, 1), (2, 1)]
[(1, 7), (2, 5), (3, 5), (4, 5), (10, 2)]
[]
[]
[(1, 15), (10, 6), (3, 9), (4, 9), (2, 9)]
[(1, 66), (2, 50), (3, 50), (4, 50), (10, 16)]
[(1, 3), (2, 3), (3, 3), (4, 3)]
[(1, 13), (2, 9), (3, 9), (4, 9), (10, 4)]
[(1, 37), (2, 18), (3, 18), (4, 18), (10, 19)]
[(1, 14), (10, 8), (3, 6), (4, 6), (2, 6)]
[]
[(1, 4), (10, 3), (3, 1), (4, 1), (2, 1)]
[(1, 25), (2, 13), (3, 13), (4, 13), (10, 12)]
[(1, 2), (10, 2)]
[(1, 2), (10, 2)]
[(1, 19), (10, 11), (3, 8), (4, 8), (2, 8)]
[(1, 29), (10, 15), (3, 14), (4, 14), (2, 14)]
[(1, 13), (2, 7), (3, 7), (4, 7), (10, 6)]
[]
[(1, 7), (10, 6), (3, 1), (4, 1), (2, 1)]
[]
[]
[(1, 5), (2, 4), (3, 4), (4, 4), (10, 1)]
[(1, 8), (2, 2), (3, 2), (4, 2), (10, 6)]
[(1, 21), (2, 9), (3, 9), (4, 9), (10, 12)]
[]
[(1, 11), (10, 6), (3, 5), (4, 5), (2, 5)]
[]
[(1, 9), (10, 4), (3, 5), (4, 5), (2, 5)]
[(1, 6), (2, 3), (3, 3), (4, 3), (10, 3)]
[(1, 4), (10, 3), (3, 1), (4, 1), (2, 1)]
[]
[]
[]
[(1, 4), (2, 3), (3, 3), (4, 3), (10, 1)]
[(1, 5), (10, 3), (3, 2), (4, 2), (2, 2)]
[(1, 7), (2, 3), (3, 3), (4, 3), (10, 4)]
[(1, 8), (2, 2), (3, 2), (4, 2), (10, 6)]
[]
[]
[]
[(1, 2), (2, 1), (3, 1), (4, 1), (10, 1)]
[(1, 14), (10, 11), (3, 3), (4, 3), (2, 3)]
[]
[(1, 4), (10, 3), (3, 1), (4, 1), (2, 1)]
[]
[]
[(1, 10), (2, 4), (3, 4), (4, 4), (10, 6)]
[(1, 1), (2, 1), (3, 1), (4, 1)]
[(1, 7), (10, 5), (3, 2), (4, 2), (2, 2)]
[(1, 12), (2, 5), (3, 5), (4, 5), (10, 7)]
[]
[(1, 31), (10, 14), (3, 17), (4, 17), (2, 17)]
[(1, 11), (10, 6), (3, 5), (4, 5), (2, 5)]
[]
[(1, 9), (10, 6), (3, 3), (4, 3), (2, 3)]
[(1, 4), (2, 2), (3, 2), (4, 2), (10, 2)]
[(1, 14), (2, 8), (3, 8), (4, 8), (10, 6)]
[(1, 7), (10, 3), (3, 4), (4, 4), (2, 4)]
[(1, 7), (10, 4), (3, 3), (4, 3), (2, 3)]
[]
[(1, 9), (10, 4), (3, 5), (4, 5), (2, 5)]
[]
[]
[]
[(1, 55), (2, 24), (3, 24), (4, 24), (10, 31)]
[(1, 7), (10, 6), (3, 1), (4, 1), (2, 1)]
[(1, 13), (2, 8), (3, 8), (4, 8), (10, 5)]
[(1, 3), (2, 2), (3, 2), (4, 2), (10, 1)]
[(1, 31), (2, 18), (3, 18), (4, 18), (10, 13)]
[(1, 11), (10, 6), (3, 5), (4, 5), (2, 5)]
[(1, 13), (2, 5), (3, 5), (4, 5), (10, 8)]
[(1, 28), (2, 21), (3, 21), (4, 21), (10, 7)]
[(1, 11), (2, 6), (3, 6), (4, 6), (10, 5)]
[(1, 2), (2, 1), (3, 1), (4, 1), (10, 1)]
[(1, 38), (2, 17), (3, 17), (4, 17), (10, 21)]
[]
[(1, 9), (2, 6), (3, 6), (4, 6), (10, 3)]
[(1, 6), (2, 3), (3, 3), (4, 3), (10, 3)]
[(1, 1), (2, 1), (3, 1), (4, 1)]
[(1, 8), (10, 5), (3, 3), (4, 3), (2, 3)]
[(1, 6), (10, 6)]
[]
[(1, 10), (2, 6), (3, 6), (4, 6), (10, 4)]
[(1, 1), (10, 1)]
[]
[(1, 8), (10, 4), (3, 4), (4, 4), (2, 4)]
[(1, 35), (2, 16), (3, 16), (4, 16), (10, 19)]
[]
[]
[(1, 13), (2, 4), (3, 4), (4, 4), (10, 9)]
[]
[]
[]
[(1, 6), (10, 2), (3, 4), (4, 4), (2, 4)]
[(1, 8), (10, 4), (3, 4), (4, 4), (2, 4)]
[]
[]
[(1, 4), (2, 3), (3, 3), (4, 3), (10, 1)]
[]
[(1, 10), (2, 5), (3, 5), (4, 5), (10, 5)]
[(1, 6), (2, 2), (3, 2), (4, 2), (10, 4)]
[(1, 39), (10, 19), (3, 20), (4, 20), (2, 20)]
[(1, 9), (2, 6), (3, 6), (4, 6), (10, 3)]
[]
[(1, 9), (2, 4), (3, 4), (4, 4), (10, 5)]
[(1, 11), (2, 8), (3, 8), (4, 8), (10, 3)]
[(1, 5), (10, 3), (3, 2), (4, 2), (2, 2)]
[]
[(1, 16), (2, 11), (3, 11), (4, 11), (10, 5)]
[(1, 9), (2, 5), (3, 5), (4, 5), (10, 4)]
[]
[]
[]
[(1, 20), (10, 14), (3, 6), (4, 6), (2, 6)]
[]
[(1, 1), (2, 1), (3, 1), (4, 1)]
[]
[(1, 15), (10, 5), (3, 10), (4, 10), (2, 10)]
[(1, 24), (10, 16), (3, 8), (4, 8), (2, 8)]
[(1, 13), (10, 8), (3, 5), (4, 5), (2, 5)]
[(1, 23), (10, 15), (3, 8), (4, 8), (2, 8)]
[(1, 21), (2, 10), (3, 10), (4, 10), (10, 11)]
[]
[]
[]
[]
[]
[(1, 7), (2, 6), (3, 6), (4, 6), (10, 1)]
[]
[]
[(1, 10), (2, 4), (3, 4), (4, 4), (10, 6)]
[(1, 6), (10, 3), (3, 3), (4, 3), (2, 3)]
[(1, 21), (10, 14), (3, 7), (4, 7), (2, 7)]
[(1, 9), (10, 5), (3, 4), (4, 4), (2, 4)]
[]
[]
[]
[(1, 8), (2, 5), (3, 5), (4, 5), (10, 3)]
[]
[(1, 54), (10, 33), (3, 21), (4, 21), (2, 21)]
[]
[(1, 15), (10, 9), (3, 6), (4, 6), (2, 6)]
[(1, 13), (2, 6), (3, 6), (4, 6), (10, 7)]
[(1, 2), (10, 1), (3, 1), (4, 1), (2, 1)]
[(1, 8), (2, 3), (3, 3), (4, 3), (10, 5)]
[(1, 37), (2, 19), (3, 19), (4, 19), (10, 18)]
[(1, 11), (10, 6), (3, 5), (4, 5), (2, 5)]
[(1, 5), (2, 3), (3, 3), (4, 3), (10, 2)]
[(1, 8), (10, 4), (3, 4), (4, 4), (2, 4)]
[(1, 3), (10, 2), (3, 1), (4, 1), (2, 1)]
[(1, 8), (2, 4), (3, 4), (4, 4), (10, 4)]
[]
[(1, 18), (2, 11), (3, 11), (4, 11), (10, 7)]
[(1, 13), (10, 9), (3, 4), (4, 4), (2, 4)]
[(1, 47), (2, 26), (3, 26), (4, 26), (10, 21)]
[(1, 5), (10, 3), (3, 2), (4, 2), (2, 2)]
[(1, 7), (10, 5), (3, 2), (4, 2), (2, 2)]
[(1, 52), (2, 22), (3, 22), (4, 22), (10, 30)]
[(1, 21), (2, 12), (3, 12), (4, 12), (10, 9)]
[]
[(1, 8), (10, 3), (3, 5), (4, 5), (2, 5)]
[]
[]
[(1, 58), (2, 25), (3, 25), (4, 25), (10, 33)]
[(1, 23), (2, 8), (3, 8), (4, 8), (10, 15)]
[(1, 8), (2, 5), (3, 5), (4, 5), (10, 3)]
[(1, 20), (2, 13), (3, 13), (4, 13), (10, 7)]
[(1, 9), (10, 4), (3, 5), (4, 5), (2, 5)]
[]
[(1, 3), (10, 2), (3, 1), (4, 1), (2, 1)]
[]
[(1, 4), (2, 3), (3, 3), (4, 3), (10, 1)]
[]
[(1, 11), (2, 7), (3, 7), (4, 7), (10, 4)]
[]
[(1, 26), (2, 12), (3, 12), (4, 12), (10, 14)]
[]
[]
[(1, 3), (2, 1), (3, 1), (4, 1), (10, 2)]
[(1, 2), (10, 2)]
[]
[(1, 33), (10, 20), (3, 13), (4, 13), (2, 13)]
[(1, 37), (2, 13), (3, 13), (4, 13), (10, 24)]
[(1, 2), (10, 1), (3, 1), (4, 1), (2, 1)]
[(1, 2), (2, 2), (3, 2), (4, 2)]
[(1, 8), (2, 3), (3, 3), (4, 3), (10, 5)]
[(1, 1), (2, 1), (3, 1), (4, 1)]
[(1, 13), (10, 6), (3, 7), (4, 7), (2, 7)]
[]
[(1, 22), (2, 16), (3, 16), (4, 16), (10, 6)]
[]
[]
[(1, 12), (2, 8), (3, 8), (4, 8), (10, 4)]
[(1, 11), (2, 8), (3, 8), (4, 8), (10, 3)]
[]
[]
[]
[]
[]
[]
[(1, 31), (2, 15), (3, 15), (4, 15), (10, 16)]
[(1, 3), (10, 1), (3, 2), (4, 2), (2, 2)]
[(1, 8), (2, 4), (3, 4), (4, 4), (10, 4)]
[(1, 7), (2, 6), (3, 6), (4, 6), (10, 1)]
[]
[]
[(1, 14), (2, 4), (3, 4), (4, 4), (10, 10)]
[(1, 15), (2, 10), (3, 10), (4, 10), (10, 5)]
[(1, 15), (2, 6), (3, 6), (4, 6), (10, 9)]
[(1, 30), (10, 15), (3, 15), (4, 15), (2, 15)]
[(1, 16), (10, 7), (3, 9), (4, 9), (2, 9)]
[(1, 14), (2, 7), (3, 7), (4, 7), (10, 7)]
[]
[]
[(1, 4), (2, 2), (3, 2), (4, 2), (10, 2)]
[]
[]
[(1, 15), (10, 9), (3, 6), (4, 6), (2, 6)]
[]
[(1, 49), (10, 19), (3, 30), (4, 30), (2, 30)]
[(1, 10), (2, 6), (3, 6), (4, 6), (10, 4)]
[(1, 2), (2, 1), (3, 1), (4, 1), (10, 1)]
[(1, 26), (2, 12), (3, 12), (4, 12), (10, 14)]
[]
[]
[]
[(1, 10), (2, 5), (3, 5), (4, 5), (10, 5)]
[(1, 7), (10, 5), (3, 2), (4, 2), (2, 2)]
[]
[]
[(1, 36), (2, 19), (3, 19), (4, 19), (10, 17)]
[]
[]
[(1, 10), (10, 7), (3, 3), (4, 3), (2, 3)]
[(1, 11), (2, 6), (3, 6), (4, 6), (10, 5)]
[(1, 7), (2, 4), (3, 4), (4, 4), (10, 3)]
[(1, 30), (10, 20), (3, 10), (4, 10), (2, 10)]
[]
[]
[(1, 29), (2, 15), (3, 15), (4, 15), (10, 14)]
[]
[(1, 30), (2, 17), (3, 17), (4, 17), (10, 13)]
[]
[(1, 3), (2, 2), (3, 2), (4, 2), (10, 1)]
[(1, 10), (2, 5), (3, 5), (4, 5), (10, 5)]
[]
[]
[(1, 7), (2, 2), (3, 2), (4, 2), (10, 5)]
[(1, 49), (10, 27), (3, 22), (4, 22), (2, 22)]
[(1, 22), (2, 11), (3, 11), (4, 11), (10, 11)]
[]
[]
[]
[(1, 24), (2, 14), (3, 14), (4, 14), (10, 10)]
[(1, 25), (2, 15), (3, 15), (4, 15), (10, 10)]
[(1, 9), (10, 4), (3, 5), (4, 5), (2, 5)]
[]
[(1, 12), (2, 6), (3, 6), (4, 6), (10, 6)]
[(1, 8), (2, 6), (3, 6), (4, 6), (10, 2)]
[(1, 8), (10, 5), (3, 3), (4, 3), (2, 3)]
[(1, 6), (10, 6)]
[(1, 12), (2, 8), (3, 8), (4, 8), (10, 4)]
[(1, 6), (2, 4), (3, 4), (4, 4), (10, 2)]
[(1, 23), (2, 9), (3, 9), (4, 9), (10, 14)]
[]
[(1, 24), (2, 18), (3, 18), (4, 18), (10, 6)]
[(1, 14), (2, 8), (3, 8), (4, 8), (10, 6)]
[(1, 42), (2, 12), (3, 12), (4, 12), (10, 30)]
[(1, 10), (10, 7), (3, 3), (4, 3), (2, 3)]
[(1, 9), (2, 5), (3, 5), (4, 5), (10, 4)]
[(1, 55), (2, 36), (3, 36), (4, 36), (10, 19)]
[(1, 9), (2, 5), (3, 5), (4, 5), (10, 4)]
[]
[]
[]
[(1, 3), (10, 3)]
[]
[]
[]
[(1, 1), (10, 1)]
[(1, 5), (10, 2), (3, 3), (4, 3), (2, 3)]
[(1, 11), (2, 6), (3, 6), (4, 6), (10, 5)]
[(1, 3), (10, 3)]
[(1, 11), (2, 6), (3, 6), (4, 6), (10, 5)]
[]
[(1, 6), (10, 5), (3, 1), (4, 1), (2, 1)]
[(1, 13), (2, 8), (3, 8), (4, 8), (10, 5)]
[]
[(1, 14), (2, 7), (3, 7), (4, 7), (10, 7)]
[]
[(1, 10), (2, 6), (3, 6), (4, 6), (10, 4)]
[]
[]
[]
[(1, 45), (2, 20), (3, 20), (4, 20), (10, 25)]
[(1, 14), (2, 7), (3, 7), (4, 7), (10, 7)]
[(1, 13), (10, 6), (3, 7), (4, 7), (2, 7)]
[(1, 2), (2, 2), (3, 2), (4, 2)]
[(1, 13), (2, 5), (3, 5), (4, 5), (10, 8)]
[]
[]
[]
[(1, 7), (2, 3), (3, 3), (4, 3), (10, 4)]
[(1, 26), (2, 16), (3, 16), (4, 16), (10, 10)]
[(1, 24), (10, 14), (3, 10), (4, 10), (2, 10)]
[(1, 4), (2, 3), (3, 3), (4, 3), (10, 1)]
[(1, 2), (10, 2)]
[(1, 9), (2, 7), (3, 7), (4, 7), (10, 2)]
[]
[]
[(1, 18), (2, 5), (3, 5), (4, 5), (10, 13)]
[(1, 18), (2, 8), (3, 8), (4, 8), (10, 10)]
[(1, 20), (2, 14), (3, 14), (4, 14), (10, 6)]
[(1, 5), (2, 3), (3, 3), (4, 3), (10, 2)]
[]
[(1, 9), (2, 3), (3, 3), (4, 3), (10, 6)]
[(1, 19), (2, 11), (3, 11), (4, 11), (10, 8)]
[]
[(1, 8), (2, 4), (3, 4), (4, 4), (10, 4)]
[(1, 13), (2, 7), (3, 7), (4, 7), (10, 6)]
[]
[]
[(1, 7), (2, 7), (3, 7), (4, 7)]
[]
[(1, 2), (2, 2), (3, 2), (4, 2)]
[(1, 26), (2, 14), (3, 14), (4, 14), (10, 12)]
[(1, 8), (10, 6), (3, 2), (4, 2), (2, 2)]
[]
[(1, 2), (10, 1), (3, 1), (4, 1), (2, 1)]
[(1, 36), (2, 18), (3, 18), (4, 18), (10, 18)]
[(1, 3), (10, 1), (3, 2), (4, 2), (2, 2)]
[(1, 47), (2, 30), (3, 30), (4, 30), (10, 17)]
[]
[]
[]
[]
[]
[(1, 26), (10, 11), (3, 15), (4, 15), (2, 15)]
[(1, 2), (2, 2), (3, 2), (4, 2)]
[(1, 27), (10, 17), (3, 10), (4, 10), (2, 10)]
[(1, 7), (2, 4), (3, 4), (4, 4), (10, 3)]
[(1, 10), (2, 8), (3, 8), (4, 8), (10, 2)]
[(1, 33), (2, 16), (3, 16), (4, 16), (10, 17)]
[(1, 5), (2, 3), (3, 3), (4, 3), (10, 2)]
[(1, 39), (10, 23), (3, 16), (4, 16), (2, 16)]
[]
[(1, 7), (2, 4), (3, 4), (4, 4), (10, 3)]
[(1, 6), (10, 1), (3, 5), (4, 5), (2, 5)]
[(1, 11), (2, 6), (3, 6), (4, 6), (10, 5)]
[]
[(1, 10), (2, 5), (3, 5), (4, 5), (10, 5)]
[]
[]
[(1, 7), (2, 5), (3, 5), (4, 5), (10, 2)]
[(1, 5), (10, 2), (3, 3), (4, 3), (2, 3)]
[(1, 26), (10, 13), (3, 13), (4, 13), (2, 13)]
[]
[]
[]
[(1, 5), (2, 2), (3, 2), (4, 2), (10, 3)]
[]
[]
[(1, 5), (10, 3), (3, 2), (4, 2), (2, 2)]
[]
[(1, 11), (2, 6), (3, 6), (4, 6), (10, 5)]
[(1, 5), (10, 4), (3, 1), (4, 1), (2, 1)]
[(1, 7), (2, 5), (3, 5), (4, 5), (10, 2)]
[(1, 2), (10, 2)]
[]
[(1, 7), (2, 5), (3, 5), (4, 5), (10, 2)]
[(1, 18), (10, 6), (3, 12), (4, 12), (2, 12)]
[]
[]
[(1, 20), (2, 13), (3, 13), (4, 13), (10, 7)]
[]
[]
[(1, 14), (2, 7), (3, 7), (4, 7), (10, 7)]
[(1, 5), (2, 3), (3, 3), (4, 3), (10, 2)]
[(1, 23), (2, 13), (3, 13), (4, 13), (10, 10)]
[(1, 6), (2, 3), (3, 3), (4, 3), (10, 3)]
[(1, 6), (10, 2), (3, 4), (4, 4), (2, 4)]
[(1, 10), (2, 4), (3, 4), (4, 4), (10, 6)]
[(1, 19), (2, 8), (3, 8), (4, 8), (10, 11)]
[(1, 7), (2, 5), (3, 5), (4, 5), (10, 2)]
[]
[(1, 13), (2, 6), (3, 6), (4, 6), (10, 7)]
[(1, 8), (2, 5), (3, 5), (4, 5), (10, 3)]
[(1, 21), (2, 9), (3, 9), (4, 9), (10, 12)]
[]
[]
[(1, 41), (10, 18), (3, 23), (4, 23), (2, 23)]
[(1, 24), (2, 12), (3, 12), (4, 12), (10, 12)]
[(1, 13), (2, 6), (3, 6), (4, 6), (10, 7)]
[]
[]
[(1, 27), (2, 12), (3, 12), (4, 12), (10, 15)]
[]
[(1, 9), (2, 8), (3, 8), (4, 8), (10, 1)]
[(1, 12), (2, 4), (3, 4), (4, 4), (10, 8)]
[(1, 7), (2, 3), (3, 3), (4, 3), (10, 4)]
[]
[(1, 15), (10, 11), (3, 4), (4, 4), (2, 4)]
[(1, 15), (10, 10), (3, 5), (4, 5), (2, 5)]
[]
[(1, 22), (2, 12), (3, 12), (4, 12), (10, 10)]
[]
[(1, 24), (10, 13), (3, 11), (4, 11), (2, 11)]
[]
[(1, 13), (10, 8), (3, 5), (4, 5), (2, 5)]
[]
[]
[(1, 4), (2, 2), (3, 2), (4, 2), (10, 2)]
[]
[]
[(1, 6), (2, 3), (3, 3), (4, 3), (10, 3)]
[(1, 19), (2, 10), (3, 10), (4, 10), (10, 9)]
[(1, 5), (10, 4), (3, 1), (4, 1), (2, 1)]
[(1, 6), (2, 4), (3, 4), (4, 4), (10, 2)]
[(1, 14), (2, 6), (3, 6), (4, 6), (10, 8)]
[]
[]
[(1, 1), (2, 1), (3, 1), (4, 1)]
[]
[(1, 19), (10, 6), (3, 13), (4, 13), (2, 13)]
[(1, 34), (10, 16), (3, 18), (4, 18), (2, 18)]
[]
[]
[(1, 6), (2, 5), (3, 5), (4, 5), (10, 1)]
[(1, 9), (10, 4), (3, 5), (4, 5), (2, 5)]
[(1, 42), (2, 23), (3, 23), (4, 23), (10, 19)]
[]
[(1, 4), (2, 2), (3, 2), (4, 2), (10, 2)]
[]
[(1, 11), (2, 8), (3, 8), (4, 8), (10, 3)]
[(1, 13), (2, 6), (3, 6), (4, 6), (10, 7)]
[(1, 1), (2, 1), (3, 1), (4, 1)]
[(1, 5), (10, 2), (3, 3), (4, 3), (2, 3)]
[(1, 5), (2, 2), (3, 2), (4, 2), (10, 3)]
[(1, 51), (10, 32), (3, 19), (4, 19), (2, 19)]
[]
[(1, 7), (10, 4), (3, 3), (4, 3), (2, 3)]
[(1, 48), (2, 32), (3, 32), (4, 32), (10, 16)]
[]
[(1, 8), (2, 4), (3, 4), (4, 4), (10, 4)]
[(1, 21), (2, 11), (3, 11), (4, 11), (10, 10)]
[(1, 3), (2, 1), (3, 1), (4, 1), (10, 2)]
[]
[]
[(1, 19), (2, 8), (3, 8), (4, 8), (10, 11)]
[(1, 47), (2, 28), (3, 28), (4, 28), (10, 19)]
[(1, 11), (2, 6), (3, 6), (4, 6), (10, 5)]
[(1, 13), (2, 10), (3, 10), (4, 10), (10, 3)]
[(1, 5), (10, 3), (3, 2), (4, 2), (2, 2)]
[(1, 12), (2, 7), (3, 7), (4, 7), (10, 5)]
[(1, 19), (2, 10), (3, 10), (4, 10), (10, 9)]
[(1, 12), (10, 6), (3, 6), (4, 6), (2, 6)]
[(1, 7), (10, 5), (3, 2), (4, 2), (2, 2)]
[(1, 3), (10, 2), (3, 1), (4, 1), (2, 1)]
[(1, 3), (10, 2), (3, 1), (4, 1), (2, 1)]
[]
[]
[(1, 18), (2, 8), (3, 8), (4, 8), (10, 10)]
[(1, 6), (2, 3), (3, 3), (4, 3), (10, 3)]
[]
[(1, 12), (10, 9), (3, 3), (4, 3), (2, 3)]
[(1, 1), (10, 1)]
[(1, 7), (2, 5), (3, 5), (4, 5), (10, 2)]
[(1, 2), (2, 1), (3, 1), (4, 1), (10, 1)]
[(1, 7), (2, 3), (3, 3), (4, 3), (10, 4)]
[]
[(1, 9), (2, 3), (3, 3), (4, 3), (10, 6)]
[(1, 2), (10, 2)]
[(1, 42), (10, 23), (3, 19), (4, 19), (2, 19)]
[(1, 8), (2, 6), (3, 6), (4, 6), (10, 2)]
[(1, 2), (10, 1), (3, 1), (4, 1), (2, 1)]
[(1, 10), (10, 6), (3, 4), (4, 4), (2, 4)]
[(1, 16), (2, 10), (3, 10), (4, 10), (10, 6)]
[]
[]
[(1, 25), (2, 12), (3, 12), (4, 12), (10, 13)]
[(1, 61), (2, 31), (3, 31), (4, 31), (10, 30)]
[(1, 13), (2, 6), (3, 6), (4, 6), (10, 7)]
[(1, 18), (2, 12), (3, 12), (4, 12), (10, 6)]
[(1, 22), (10, 13), (3, 9), (4, 9), (2, 9)]
[(1, 23), (10, 11), (3, 12), (4, 12), (2, 12)]
[(1, 15), (10, 6), (3, 9), (4, 9), (2, 9)]
[]
[(1, 4), (10, 4)]
[(1, 6), (10, 4), (3, 2), (4, 2), (2, 2)]
[(1, 5), (2, 2), (3, 2), (4, 2), (10, 3)]
[(1, 1), (2, 1), (3, 1), (4, 1)]
[]
[]
[]
[]
[]
[]
[]
[(1, 6), (2, 4), (3, 4), (4, 4), (10, 2)]
[(1, 29), (10, 16), (3, 13), (4, 13), (2, 13)]
[(1, 18), (2, 10), (3, 10), (4, 10), (10, 8)]
[(1, 13), (2, 6), (3, 6), (4, 6), (10, 7)]
[]
[(1, 4), (2, 3), (3, 3), (4, 3), (10, 1)]
[]
[]
[]
[(1, 6), (2, 4), (3, 4), (4, 4), (10, 2)]
[]
[(1, 11), (2, 6), (3, 6), (4, 6), (10, 5)]
[(1, 6), (10, 3), (3, 3), (4, 3), (2, 3)]
[(1, 19), (2, 10), (3, 10), (4, 10), (10, 9)]
[(1, 20), (2, 9), (3, 9), (4, 9), (10, 11)]
[(1, 3), (10, 2), (3, 1), (4, 1), (2, 1)]
[(1, 7), (2, 4), (3, 4), (4, 4), (10, 3)]
[(1, 26), (2, 14), (3, 14), (4, 14), (10, 12)]
[]
[(1, 22), (10, 11), (3, 11), (4, 11), (2, 11)]
[]
[(1, 2), (10, 1), (3, 1), (4, 1), (2, 1)]
[(1, 5), (2, 3), (3, 3), (4, 3), (10, 2)]
[(1, 2), (10, 2)]
[]
[(1, 37), (10, 20), (3, 17), (4, 17), (2, 17)]
[(1, 3), (2, 2), (3, 2), (4, 2), (10, 1)]
[(1, 3), (2, 2), (3, 2), (4, 2), (10, 1)]
[]
[(1, 8), (10, 5), (3, 3), (4, 3), (2, 3)]
[]
[]
[(1, 12), (10, 5), (3, 7), (4, 7), (2, 7)]
[(1, 10), (10, 5), (3, 5), (4, 5), (2, 5)]
[(1, 1), (2, 1), (3, 1), (4, 1)]
[(1, 18), (10, 12), (3, 6), (4, 6), (2, 6)]
[(1, 17), (2, 9), (3, 9), (4, 9), (10, 8)]
[(1, 22), (10, 9), (3, 13), (4, 13), (2, 13)]
[(1, 14), (2, 8), (3, 8), (4, 8), (10, 6)]
[]
[]
[(1, 9), (2, 7), (3, 7), (4, 7), (10, 2)]
[]
[]
[(1, 75), (10, 31), (3, 44), (4, 44), (2, 44)]
[]
[(1, 14), (2, 9), (3, 9), (4, 9), (10, 5)]
[(1, 10), (10, 8), (3, 2), (4, 2), (2, 2)]
[(1, 14), (2, 7), (3, 7), (4, 7), (10, 7)]
[(1, 18), (2, 8), (3, 8), (4, 8), (10, 10)]
[(1, 58), (2, 30), (3, 30), (4, 30), (10, 28)]
[]
[]
[(1, 60), (2, 24), (3, 24), (4, 24), (10, 36)]
[(1, 20), (2, 11), (3, 11), (4, 11), (10, 9)]
[(1, 16), (10, 10), (3, 6), (4, 6), (2, 6)]
[]
[(1, 8), (10, 5), (3, 3), (4, 3), (2, 3)]
[(1, 17), (10, 7), (3, 10), (4, 10), (2, 10)]
[(1, 2), (2, 1), (3, 1), (4, 1), (10, 1)]
[]
[]
[(1, 37), (10, 17), (3, 20), (4, 20), (2, 20)]
[(1, 34), (10, 17), (3, 17), (4, 17), (2, 17)]
[]
[(1, 29), (2, 15), (3, 15), (4, 15), (10, 14)]
[(1, 10), (10, 5), (3, 5), (4, 5), (2, 5)]
[(1, 6), (10, 4), (3, 2), (4, 2), (2, 2)]
[]
[]
[]
[(1, 4), (2, 3), (3, 3), (4, 3), (10, 1)]
[(1, 15), (10, 7), (3, 8), (4, 8), (2, 8)]
[(1, 5), (2, 3), (3, 3), (4, 3), (10, 2)]
[(1, 4), (2, 3), (3, 3), (4, 3), (10, 1)]
[(1, 9), (10, 4), (3, 5), (4, 5), (2, 5)]
[(1, 14), (2, 6), (3, 6), (4, 6), (10, 8)]
[(1, 3), (2, 3), (3, 3), (4, 3)]
[(1, 2), (2, 1), (3, 1), (4, 1), (10, 1)]
[]
[(1, 6), (2, 2), (3, 2), (4, 2), (10, 4)]
[(1, 37), (2, 16), (3, 16), (4, 16), (10, 21)]
[(1, 8), (10, 4), (3, 4), (4, 4), (2, 4)]
[]
[(1, 51), (2, 24), (3, 24), (4, 24), (10, 27)]
[(1, 9), (2, 8), (3, 8), (4, 8), (10, 1)]
[(1, 6), (2, 5), (3, 5), (4, 5), (10, 1)]
[]
[(1, 10), (2, 7), (3, 7), (4, 7), (10, 3)]
[(1, 37), (10, 20), (3, 17), (4, 17), (2, 17)]
[(1, 49), (2, 21), (3, 21), (4, 21), (10, 28)]
[]
[(1, 4), (2, 4), (3, 4), (4, 4)]
[]
[(1, 9), (2, 6), (3, 6), (4, 6), (10, 3)]
[]
[]
[(1, 4), (10, 3), (3, 1), (4, 1), (2, 1)]
[(1, 15), (10, 11), (3, 4), (4, 4), (2, 4)]
[(1, 6), (2, 4), (3, 4), (4, 4), (10, 2)]
[]
[]
[(1, 21), (2, 13), (3, 13), (4, 13), (10, 8)]
[]
[(1, 56), (2, 35), (3, 35), (4, 35), (10, 21)]
[(1, 22), (2, 15), (3, 15), (4, 15), (10, 7)]
[]
[]
[(1, 45), (2, 26), (3, 26), (4, 26), (10, 19)]
[(1, 11), (2, 7), (3, 7), (4, 7), (10, 4)]
[(1, 13), (2, 7), (3, 7), (4, 7), (10, 6)]
[(1, 12), (2, 6), (3, 6), (4, 6), (10, 6)]
[(1, 40), (10, 16), (3, 24), (4, 24), (2, 24)]
[]
[(1, 4), (10, 2), (3, 2), (4, 2), (2, 2)]
[(1, 51), (2, 29), (3, 29), (4, 29), (10, 22)]
[(1, 9), (2, 7), (3, 7), (4, 7), (10, 2)]
[(1, 15), (2, 9), (3, 9), (4, 9), (10, 6)]
[(1, 7), (2, 4), (3, 4), (4, 4), (10, 3)]
[(1, 17), (2, 10), (3, 10), (4, 10), (10, 7)]
[]
[(1, 14), (10, 8), (3, 6), (4, 6), (2, 6)]
[(1, 4), (2, 3), (3, 3), (4, 3), (10, 1)]
[]
[(1, 2), (2, 1), (3, 1), (4, 1), (10, 1)]
[(1, 5), (2, 3), (3, 3), (4, 3), (10, 2)]
[]
[(1, 9), (10, 6), (3, 3), (4, 3), (2, 3)]
[(1, 9), (10, 6), (3, 3), (4, 3), (2, 3)]
[]
[(1, 6), (10, 5), (3, 1), (4, 1), (2, 1)]
[(1, 5), (2, 4), (3, 4), (4, 4), (10, 1)]
[(1, 4), (2, 4), (3, 4), (4, 4)]
[]
[]
[(1, 7), (2, 2), (3, 2), (4, 2), (10, 5)]
[(1, 20), (10, 10), (3, 10), (4, 10), (2, 10)]
[(1, 4), (10, 1), (3, 3), (4, 3), (2, 3)]
[(1, 9), (10, 7), (3, 2), (4, 2), (2, 2)]
[(1, 50), (2, 28), (3, 28), (4, 28), (10, 22)]
[(1, 33), (10, 12), (3, 21), (4, 21), (2, 21)]
[]
[]
[(1, 5), (2, 3), (3, 3), (4, 3), (10, 2)]
[(1, 8), (2, 5), (3, 5), (4, 5), (10, 3)]
[]
[(1, 13), (2, 7), (3, 7), (4, 7), (10, 6)]
[]
[(1, 27), (2, 17), (3, 17), (4, 17), (10, 10)]
[]
[(1, 36), (2, 19), (3, 19), (4, 19), (10, 17)]
[(1, 18), (2, 10), (3, 10), (4, 10), (10, 8)]
[]
[(1, 3), (10, 3)]
[]
[(1, 17), (10, 10), (3, 7), (4, 7), (2, 7)]
[(1, 13), (10, 7), (3, 6), (4, 6), (2, 6)]
[(1, 12), (2, 7), (3, 7), (4, 7), (10, 5)]
[(1, 17), (2, 8), (3, 8), (4, 8), (10, 9)]
[]
[(1, 2), (2, 2), (3, 2), (4, 2)]
[]
[(1, 5), (2, 3), (3, 3), (4, 3), (10, 2)]
[(1, 3), (2, 2), (3, 2), (4, 2), (10, 1)]
[]
[]
[]
[(1, 1), (2, 1), (3, 1), (4, 1)]
[]
[(1, 27), (2, 14), (3, 14), (4, 14), (10, 13)]
[]
[(1, 26), (2, 10), (3, 10), (4, 10), (10, 16)]
[(1, 7), (10, 4), (3, 3), (4, 3), (2, 3)]
[(1, 21), (10, 10), (3, 11), (4, 11), (2, 11)]
[]
[(1, 45), (10, 24), (3, 21), (4, 21), (2, 21)]
[(1, 2), (10, 1), (3, 1), (4, 1), (2, 1)]
[]
[]
[(1, 8), (2, 5), (3, 5), (4, 5), (10, 3)]
[(1, 17), (2, 8), (3, 8), (4, 8), (10, 9)]
[(1, 1), (10, 1)]
[(1, 7), (10, 6), (3, 1), (4, 1), (2, 1)]
[(1, 5), (2, 3), (3, 3), (4, 3), (10, 2)]
[]
[]
[(1, 59), (2, 29), (3, 29), (4, 29), (10, 30)]
[]
[(1, 3), (2, 2), (3, 2), (4, 2), (10, 1)]
[(1, 20), (2, 13), (3, 13), (4, 13), (10, 7)]
[]
[(1, 11), (2, 8), (3, 8), (4, 8), (10, 3)]
[]
[]
[(1, 19), (2, 12), (3, 12), (4, 12), (10, 7)]
[]
[(1, 27), (2, 14), (3, 14), (4, 14), (10, 13)]
[(1, 74), (10, 31), (3, 43), (4, 43), (2, 43)]
[]
[(1, 7), (2, 3), (3, 3), (4, 3), (10, 4)]
[(1, 16), (10, 13), (3, 3), (4, 3), (2, 3)]
[(1, 16), (2, 9), (3, 9), (4, 9), (10, 7)]
[]
[(1, 3), (2, 2), (3, 2), (4, 2), (10, 1)]
[]
[(1, 19), (2, 11), (3, 11), (4, 11), (10, 8)]
[(1, 8), (2, 3), (3, 3), (4, 3), (10, 5)]
[(1, 5), (2, 4), (3, 4), (4, 4), (10, 1)]
[]
[(1, 15), (2, 9), (3, 9), (4, 9), (10, 6)]
[]
[(1, 5), (10, 4), (3, 1), (4, 1), (2, 1)]
[(1, 2), (10, 1), (3, 1), (4, 1), (2, 1)]
[]
[(1, 3), (10, 2), (3, 1), (4, 1), (2, 1)]
[]
[(1, 14), (2, 5), (3, 5), (4, 5), (10, 9)]
[(1, 19), (2, 13), (3, 13), (4, 13), (10, 6)]
[]
[(1, 19), (2, 8), (3, 8), (4, 8), (10, 11)]
[(1, 3), (2, 2), (3, 2), (4, 2), (10, 1)]
[]
[(1, 21), (10, 14), (3, 7), (4, 7), (2, 7)]
[(1, 7), (2, 4), (3, 4), (4, 4), (10, 3)]
[]
[(1, 53), (10, 25), (3, 28), (4, 28), (2, 28)]
[(1, 2), (2, 1), (3, 1), (4, 1), (10, 1)]
[(1, 10), (10, 9), (3, 1), (4, 1), (2, 1)]
[(1, 13), (2, 9), (3, 9), (4, 9), (10, 4)]
[(1, 20), (10, 13), (3, 7), (4, 7), (2, 7)]
[]
[(1, 8), (2, 3), (3, 3), (4, 3), (10, 5)]
[(1, 9), (10, 6), (3, 3), (4, 3), (2, 3)]
[(1, 5), (10, 3), (3, 2), (4, 2), (2, 2)]
[(1, 12), (10, 7), (3, 5), (4, 5), (2, 5)]
[]
[(1, 8), (2, 7), (3, 7), (4, 7), (10, 1)]
[(1, 24), (10, 13), (3, 11), (4, 11), (2, 11)]
[]
[]
[(1, 33), (10, 17), (3, 16), (4, 16), (2, 16)]
[]
[(1, 17), (2, 5), (3, 5), (4, 5), (10, 12)]
[(1, 31), (2, 15), (3, 15), (4, 15), (10, 16)]
[]
[(1, 6), (2, 3), (3, 3), (4, 3), (10, 3)]
[(1, 1), (10, 1)]
[(1, 4), (2, 3), (3, 3), (4, 3), (10, 1)]
[]
[]
[]
[(1, 23), (2, 14), (3, 14), (4, 14), (10, 9)]
[]
[(1, 7), (2, 5), (3, 5), (4, 5), (10, 2)]
[(1, 12), (10, 8), (3, 4), (4, 4), (2, 4)]
[]
[(1, 19), (10, 8), (3, 11), (4, 11), (2, 11)]
[(1, 6), (2, 3), (3, 3), (4, 3), (10, 3)]
[(1, 30), (10, 14), (3, 16), (4, 16), (2, 16)]
[]
[(1, 14), (10, 7), (3, 7), (4, 7), (2, 7)]
[(1, 22), (2, 12), (3, 12), (4, 12), (10, 10)]
[(1, 24), (10, 17), (3, 7), (4, 7), (2, 7)]
[]
[]
[(1, 8), (2, 2), (3, 2), (4, 2), (10, 6)]
[]
[(1, 9), (2, 7), (3, 7), (4, 7), (10, 2)]
[(1, 3), (10, 3)]
[(1, 23), (2, 9), (3, 9), (4, 9), (10, 14)]
[]
[]
[]
[(1, 34), (2, 14), (3, 14), (4, 14), (10, 20)]
[(1, 4), (10, 4)]
[(1, 25), (2, 13), (3, 13), (4, 13), (10, 12)]
[]
[(1, 7), (2, 3), (3, 3), (4, 3), (10, 4)]
[(1, 7), (2, 5), (3, 5), (4, 5), (10, 2)]
[(1, 3), (2, 2), (3, 2), (4, 2), (10, 1)]
[(1, 8), (10, 5), (3, 3), (4, 3), (2, 3)]
[(1, 10), (2, 3), (3, 3), (4, 3), (10, 7)]
[]
[]
[]
[]
[]
[]
[]
[]
[(1, 18), (2, 13), (3, 13), (4, 13), (10, 5)]
[(1, 3), (2, 1), (3, 1), (4, 1), (10, 2)]
[(1, 4), (2, 3), (3, 3), (4, 3), (10, 1)]
[(1, 17), (2, 9), (3, 9), (4, 9), (10, 8)]
[]
[]
[]
[(1, 18), (2, 10), (3, 10), (4, 10), (10, 8)]
[(1, 3), (10, 2), (3, 1), (4, 1), (2, 1)]
[(1, 11), (10, 6), (3, 5), (4, 5), (2, 5)]
[(1, 21), (2, 11), (3, 11), (4, 11), (10, 10)]
[]
[(1, 6), (2, 2), (3, 2), (4, 2), (10, 4)]
[]
[(1, 11), (2, 6), (3, 6), (4, 6), (10, 5)]
[(1, 32), (2, 18), (3, 18), (4, 18), (10, 14)]
[(1, 25), (10, 10), (3, 15), (4, 15), (2, 15)]
[(1, 20), (2, 10), (3, 10), (4, 10), (10, 10)]
[]
[(1, 18), (10, 7), (3, 11), (4, 11), (2, 11)]
[(1, 6), (10, 3), (3, 3), (4, 3), (2, 3)]
[(1, 33), (10, 10), (3, 23), (4, 23), (2, 23)]
[(1, 5), (10, 4), (3, 1), (4, 1), (2, 1)]
[(1, 20), (2, 10), (3, 10), (4, 10), (10, 10)]
[(1, 7), (2, 5), (3, 5), (4, 5), (10, 2)]
[(1, 16), (2, 5), (3, 5), (4, 5), (10, 11)]
[]
[(1, 2), (2, 2), (3, 2), (4, 2)]
[(1, 49), (2, 27), (3, 27), (4, 27), (10, 22)]
[(1, 3), (10, 2), (3, 1), (4, 1), (2, 1)]
[]
[(1, 6), (2, 2), (3, 2), (4, 2), (10, 4)]
[]
[(1, 3), (2, 2), (3, 2), (4, 2), (10, 1)]
[]
[(1, 16), (2, 8), (3, 8), (4, 8), (10, 8)]
[(1, 13), (2, 5), (3, 5), (4, 5), (10, 8)]
[]
[(1, 2), (10, 1), (3, 1), (4, 1), (2, 1)]
[]
[]
[]
[(1, 27), (2, 15), (3, 15), (4, 15), (10, 12)]
[(1, 6), (2, 4), (3, 4), (4, 4), (10, 2)]
[]
[(1, 4), (10, 1), (3, 3), (4, 3), (2, 3)]
[(1, 12), (2, 6), (3, 6), (4, 6), (10, 6)]
[(1, 49), (2, 33), (3, 33), (4, 33), (10, 16)]
[]
[(1, 2), (2, 1), (3, 1), (4, 1), (10, 1)]
[]
[(1, 56), (10, 28), (3, 28), (4, 28), (2, 28)]
[]
[(1, 10), (10, 5), (3, 5), (4, 5), (2, 5)]
[]
[(1, 18), (2, 10), (3, 10), (4, 10), (10, 8)]
[(1, 3), (2, 2), (3, 2), (4, 2), (10, 1)]
[(1, 2), (2, 1), (3, 1), (4, 1), (10, 1)]
[(1, 11), (2, 3), (3, 3), (4, 3), (10, 8)]
[(1, 11), (2, 5), (3, 5), (4, 5), (10, 6)]
[(1, 19), (2, 7), (3, 7), (4, 7), (10, 12)]
[(1, 2), (10, 2)]
[]
[]
[(1, 4), (10, 2), (3, 2), (4, 2), (2, 2)]
[(1, 11), (2, 7), (3, 7), (4, 7), (10, 4)]
[(1, 19), (2, 10), (3, 10), (4, 10), (10, 9)]
[]
[]
[(1, 13), (10, 7), (3, 6), (4, 6), (2, 6)]
[]
[]
[(1, 5), (10, 4), (3, 1), (4, 1), (2, 1)]
[]
[(1, 29), (2, 18), (3, 18), (4, 18), (10, 11)]
[(1, 35), (2, 15), (3, 15), (4, 15), (10, 20)]
[]
[(1, 7), (10, 5), (3, 2), (4, 2), (2, 2)]
[]
[(1, 6), (10, 3), (3, 3), (4, 3), (2, 3)]
[(1, 16), (2, 7), (3, 7), (4, 7), (10, 9)]
[]
[(1, 10), (2, 3), (3, 3), (4, 3), (10, 7)]
[(1, 15), (10, 10), (3, 5), (4, 5), (2, 5)]
[(1, 2), (2, 1), (3, 1), (4, 1), (10, 1)]
[]
[(1, 1), (2, 1), (3, 1), (4, 1)]
[(1, 4), (10, 3), (3, 1), (4, 1), (2, 1)]
[]
[(1, 24), (2, 13), (3, 13), (4, 13), (10, 11)]
[(1, 6), (10, 5), (3, 1), (4, 1), (2, 1)]
[]
[]
[]
[(1, 10), (10, 7), (3, 3), (4, 3), (2, 3)]
[]
[(1, 8), (10, 6), (3, 2), (4, 2), (2, 2)]
[(1, 1), (2, 1), (3, 1), (4, 1)]
[(1, 16), (10, 12), (3, 4), (4, 4), (2, 4)]
[]
[(1, 20), (2, 12), (3, 12), (4, 12), (10, 8)]
[]
[]
[]
[(1, 6), (2, 3), (3, 3), (4, 3), (10, 3)]
[]
[(1, 32), (2, 15), (3, 15), (4, 15), (10, 17)]
[]
[(1, 5), (2, 3), (3, 3), (4, 3), (10, 2)]
[(1, 34), (10, 20), (3, 14), (4, 14), (2, 14)]
[(1, 33), (10, 17), (3, 16), (4, 16), (2, 16)]
[(1, 5), (10, 4), (3, 1), (4, 1), (2, 1)]
[(1, 5), (10, 2), (3, 3), (4, 3), (2, 3)]
[]
[]
[(1, 31), (10, 19), (3, 12), (4, 12), (2, 12)]
[(1, 9), (2, 2), (3, 2), (4, 2), (10, 7)]
[(1, 3), (10, 2), (3, 1), (4, 1), (2, 1)]
[(1, 13), (2, 5), (3, 5), (4, 5), (10, 8)]
[(1, 24), (10, 19), (3, 5), (4, 5), (2, 5)]
[]
[(1, 19), (2, 15), (3, 15), (4, 15), (10, 4)]
[]
[(1, 24), (2, 9), (3, 9), (4, 9), (10, 15)]
[]
[]
[]
[]
[(1, 1), (2, 1), (3, 1), (4, 1)]
[(1, 17), (2, 11), (3, 11), (4, 11), (10, 6)]
[(1, 15), (2, 8), (3, 8), (4, 8), (10, 7)]
[(1, 3), (10, 2), (3, 1), (4, 1), (2, 1)]
[(1, 26), (2, 15), (3, 15), (4, 15), (10, 11)]
[]
[(1, 4), (2, 1), (3, 1), (4, 1), (10, 3)]
[]
[(1, 31), (10, 18), (3, 13), (4, 13), (2, 13)]
[(1, 20), (10, 13), (3, 7), (4, 7), (2, 7)]
[(1, 1), (2, 1), (3, 1), (4, 1)]
[]
[]
[(1, 5), (2, 3), (3, 3), (4, 3), (10, 2)]
[(1, 33), (2, 12), (3, 12), (4, 12), (10, 21)]
[(1, 6), (2, 4), (3, 4), (4, 4), (10, 2)]
[(1, 8), (2, 5), (3, 5), (4, 5), (10, 3)]
[(1, 14), (2, 10), (3, 10), (4, 10), (10, 4)]
[]
[(1, 7), (2, 5), (3, 5), (4, 5), (10, 2)]
[(1, 19), (2, 12), (3, 12), (4, 12), (10, 7)]
[(1, 2), (2, 2), (3, 2), (4, 2)]
[]
[]
[]
[(1, 3), (10, 2), (3, 1), (4, 1), (2, 1)]
[(1, 3), (2, 1), (3, 1), (4, 1), (10, 2)]
[]
[(1, 19), (2, 10), (3, 10), (4, 10), (10, 9)]
[(1, 7), (10, 3), (3, 4), (4, 4), (2, 4)]
[(1, 3), (2, 2), (3, 2), (4, 2), (10, 1)]
[]
[(1, 52), (2, 28), (3, 28), (4, 28), (10, 24)]
[(1, 49), (10, 23), (3, 26), (4, 26), (2, 26)]
[(1, 12), (2, 6), (3, 6), (4, 6), (10, 6)]
[(1, 29), (10, 17), (3, 12), (4, 12), (2, 12)]
[(1, 63), (2, 41), (3, 41), (4, 41), (10, 22)]
[(1, 22), (10, 12), (3, 10), (4, 10), (2, 10)]
[(1, 22), (10, 14), (3, 8), (4, 8), (2, 8)]
[]
[]
[]
[(1, 36), (2, 16), (3, 16), (4, 16), (10, 20)]
[(1, 36), (2, 22), (3, 22), (4, 22), (10, 14)]
[(1, 17), (2, 6), (3, 6), (4, 6), (10, 11)]
[(1, 16), (10, 9), (3, 7), (4, 7), (2, 7)]
[(1, 13), (10, 9), (3, 4), (4, 4), (2, 4)]
[(1, 4), (10, 3), (3, 1), (4, 1), (2, 1)]
[(1, 6), (2, 2), (3, 2), (4, 2), (10, 4)]
[(1, 26), (10, 12), (3, 14), (4, 14), (2, 14)]
[(1, 11), (2, 4), (3, 4), (4, 4), (10, 7)]
[]
[(1, 46), (2, 22), (3, 22), (4, 22), (10, 24)]
[(1, 4), (10, 1), (3, 3), (4, 3), (2, 3)]
[(1, 14), (10, 6), (3, 8), (4, 8), (2, 8)]
[(1, 6), (2, 1), (3, 1), (4, 1), (10, 5)]
[(1, 13), (2, 7), (3, 7), (4, 7), (10, 6)]
[(1, 19), (10, 11), (3, 8), (4, 8), (2, 8)]
[]
[]
[(1, 17), (2, 9), (3, 9), (4, 9), (10, 8)]
[(1, 17), (2, 6), (3, 6), (4, 6), (10, 11)]
[(1, 15), (10, 7), (3, 8), (4, 8), (2, 8)]
[(1, 25), (2, 13), (3, 13), (4, 13), (10, 12)]
[(1, 44), (10, 23), (3, 21), (4, 21), (2, 21)]
[]
[(1, 3), (2, 1), (3, 1), (4, 1), (10, 2)]
[(1, 7), (10, 7)]
[(1, 17), (10, 7), (3, 10), (4, 10), (2, 10)]
[(1, 2), (10, 2)]
[]
[(1, 19), (10, 11), (3, 8), (4, 8), (2, 8)]
[(1, 10), (2, 6), (3, 6), (4, 6), (10, 4)]
[(1, 1), (10, 1)]
[]
[(1, 10), (10, 6), (3, 4), (4, 4), (2, 4)]
[(1, 5), (2, 3), (3, 3), (4, 3), (10, 2)]
[(1, 19), (2, 11), (3, 11), (4, 11), (10, 8)]
[(1, 9), (2, 5), (3, 5), (4, 5), (10, 4)]
[(1, 7), (10, 6), (3, 1), (4, 1), (2, 1)]
[(1, 5), (2, 4), (3, 4), (4, 4), (10, 1)]
[(1, 23), (2, 10), (3, 10), (4, 10), (10, 13)]
[(1, 43), (10, 23), (3, 20), (4, 20), (2, 20)]
[]
[(1, 4), (10, 3), (3, 1), (4, 1), (2, 1)]
[(1, 13), (2, 7), (3, 7), (4, 7), (10, 6)]
[(1, 8), (10, 4), (3, 4), (4, 4), (2, 4)]
[(1, 5), (2, 2), (3, 2), (4, 2), (10, 3)]
[(1, 21), (10, 12), (3, 9), (4, 9), (2, 9)]
[(1, 21), (2, 11), (3, 11), (4, 11), (10, 10)]
[(1, 48), (2, 21), (3, 21), (4, 21), (10, 27)]
[(1, 41), (2, 21), (3, 21), (4, 21), (10, 20)]
[]
[(1, 18), (10, 12), (3, 6), (4, 6), (2, 6)]
[(1, 14), (10, 11), (3, 3), (4, 3), (2, 3)]
[]
[(1, 4), (2, 2), (3, 2), (4, 2), (10, 2)]
[]
[(1, 47), (2, 27), (3, 27), (4, 27), (10, 20)]
[]
[(1, 34), (10, 23), (3, 11), (4, 11), (2, 11)]
[(1, 23), (2, 6), (3, 6), (4, 6), (10, 17)]
[]
[(1, 6), (2, 5), (3, 5), (4, 5), (10, 1)]
[(1, 6), (2, 3), (3, 3), (4, 3), (10, 3)]
[]
[]
[(1, 22), (2, 13), (3, 13), (4, 13), (10, 9)]
[]
[(1, 26), (2, 11), (3, 11), (4, 11), (10, 15)]
[(1, 16), (2, 8), (3, 8), (4, 8), (10, 8)]
[(1, 5), (2, 3), (3, 3), (4, 3), (10, 2)]
[(1, 3), (10, 2), (3, 1), (4, 1), (2, 1)]
[(1, 3), (2, 3), (3, 3), (4, 3)]
[]
[(1, 5), (2, 2), (3, 2), (4, 2), (10, 3)]
[(1, 19), (2, 13), (3, 13), (4, 13), (10, 6)]
[]
[]
[(1, 6), (2, 4), (3, 4), (4, 4), (10, 2)]
[(1, 4), (2, 2), (3, 2), (4, 2), (10, 2)]
[]
[(1, 7), (10, 3), (3, 4), (4, 4), (2, 4)]
[]
[]
[(1, 2), (2, 2), (3, 2), (4, 2)]
[]
[(1, 47), (2, 23), (3, 23), (4, 23), (10, 24)]
[(1, 1), (2, 1), (3, 1), (4, 1)]
[]
[(1, 34), (10, 18), (3, 16), (4, 16), (2, 16)]
[(1, 70), (2, 44), (3, 44), (4, 44), (10, 26)]
[]
[]
[(1, 54), (2, 26), (3, 26), (4, 26), (10, 28)]
[]
[(1, 11), (2, 5), (3, 5), (4, 5), (10, 6)]
[(1, 6), (2, 4), (3, 4), (4, 4), (10, 2)]
[(1, 1), (2, 1), (3, 1), (4, 1)]
[]
[(1, 18), (2, 8), (3, 8), (4, 8), (10, 10)]
[(1, 2), (2, 1), (3, 1), (4, 1), (10, 1)]
[(1, 13), (2, 10), (3, 10), (4, 10), (10, 3)]
[(1, 5), (2, 5), (3, 5), (4, 5)]
[]
[(1, 14), (2, 7), (3, 7), (4, 7), (10, 7)]
[(1, 7), (2, 3), (3, 3), (4, 3), (10, 4)]
[]
[(1, 4), (2, 2), (3, 2), (4, 2), (10, 2)]
[]
[(1, 31), (2, 12), (3, 12), (4, 12), (10, 19)]
[]
[(1, 4), (2, 4), (3, 4), (4, 4)]
[]
[(1, 7), (2, 3), (3, 3), (4, 3), (10, 4)]
[]
[(1, 30), (2, 14), (3, 14), (4, 14), (10, 16)]
[(1, 34), (10, 17), (3, 17), (4, 17), (2, 17)]
[(1, 7), (2, 5), (3, 5), (4, 5), (10, 2)]
[]
[]
[]
[(1, 34), (2, 17), (3, 17), (4, 17), (10, 17)]
[(1, 23), (2, 13), (3, 13), (4, 13), (10, 10)]
[(1, 12), (10, 6), (3, 6), (4, 6), (2, 6)]
[(1, 8), (10, 3), (3, 5), (4, 5), (2, 5)]
[(1, 5), (2, 2), (3, 2), (4, 2), (10, 3)]
[(1, 32), (10, 18), (3, 14), (4, 14), (2, 14)]
[(1, 6), (2, 3), (3, 3), (4, 3), (10, 3)]
[(1, 3), (10, 2), (3, 1), (4, 1), (2, 1)]
[(1, 44), (2, 30), (3, 30), (4, 30), (10, 14)]
[(1, 6), (2, 5), (3, 5), (4, 5), (10, 1)]
[]
[]
[(1, 62), (2, 42), (3, 42), (4, 42), (10, 20)]
[]
[(1, 10), (2, 4), (3, 4), (4, 4), (10, 6)]
[]
[(1, 3), (2, 2), (3, 2), (4, 2), (10, 1)]
[(1, 14), (2, 8), (3, 8), (4, 8), (10, 6)]
[]
[]
[(1, 14), (2, 6), (3, 6), (4, 6), (10, 8)]
[(1, 27), (2, 15), (3, 15), (4, 15), (10, 12)]
[(1, 6), (10, 2), (3, 4), (4, 4), (2, 4)]
[(1, 9), (2, 4), (3, 4), (4, 4), (10, 5)]
[]
[(1, 16), (2, 9), (3, 9), (4, 9), (10, 7)]
[(1, 14), (10, 8), (3, 6), (4, 6), (2, 6)]
[(1, 4), (10, 3), (3, 1), (4, 1), (2, 1)]
[(1, 17), (10, 8), (3, 9), (4, 9), (2, 9)]
[]
[(1, 14), (2, 7), (3, 7), (4, 7), (10, 7)]
[]
[(1, 7), (10, 2), (3, 5), (4, 5), (2, 5)]
[]
[(1, 2), (2, 1), (3, 1), (4, 1), (10, 1)]
[(1, 12), (10, 10), (3, 2), (4, 2), (2, 2)]
[(1, 3), (2, 2), (3, 2), (4, 2), (10, 1)]
[(1, 25), (2, 10), (3, 10), (4, 10), (10, 15)]
[]
[]
[(1, 11), (2, 6), (3, 6), (4, 6), (10, 5)]
[]
[]
[(1, 6), (10, 3), (3, 3), (4, 3), (2, 3)]
[]
[]
[(1, 4), (2, 2), (3, 2), (4, 2), (10, 2)]
[]
[(1, 9), (2, 6), (3, 6), (4, 6), (10, 3)]
[(1, 8), (2, 2), (3, 2), (4, 2), (10, 6)]
[]
[]
[]
[(1, 6), (2, 3), (3, 3), (4, 3), (10, 3)]
[(1, 40), (10, 17), (3, 23), (4, 23), (2, 23)]
[(1, 4), (2, 2), (3, 2), (4, 2), (10, 2)]
[(1, 21), (2, 8), (3, 8), (4, 8), (10, 13)]
[(1, 15), (2, 5), (3, 5), (4, 5), (10, 10)]
[(1, 9), (2, 6), (3, 6), (4, 6), (10, 3)]
[(1, 18), (2, 6), (3, 6), (4, 6), (10, 12)]
[(1, 17), (2, 6), (3, 6), (4, 6), (10, 11)]
[(1, 7), (10, 3), (3, 4), (4, 4), (2, 4)]
[]
[(1, 28), (2, 15), (3, 15), (4, 15), (10, 13)]
[(1, 13), (10, 4), (3, 9), (4, 9), (2, 9)]
[(1, 51), (10, 33), (3, 18), (4, 18), (2, 18)]
[(1, 1), (10, 1)]
[]
[(1, 23), (10, 13), (3, 10), (4, 10), (2, 10)]
[(1, 20), (2, 9), (3, 9), (4, 9), (10, 11)]
[]
[]
[(1, 7), (2, 5), (3, 5), (4, 5), (10, 2)]
[]
[]
[(1, 6), (2, 4), (3, 4), (4, 4), (10, 2)]
[(1, 15), (2, 10), (3, 10), (4, 10), (10, 5)]
[]
[]
[]
[(1, 4), (10, 3), (3, 1), (4, 1), (2, 1)]
[]
[(1, 2), (2, 2), (3, 2), (4, 2)]
[(1, 19), (2, 9), (3, 9), (4, 9), (10, 10)]
[(1, 3), (2, 2), (3, 2), (4, 2), (10, 1)]
[]
[(1, 5), (2, 2), (3, 2), (4, 2), (10, 3)]
[]
[(1, 4), (2, 2), (3, 2), (4, 2), (10, 2)]
[(1, 72), (10, 35), (3, 37), (4, 37), (2, 37)]
[(1, 4), (2, 2), (3, 2), (4, 2), (10, 2)]
[]
[(1, 20), (2, 10), (3, 10), (4, 10), (10, 10)]
[(1, 21), (2, 12), (3, 12), (4, 12), (10, 9)]
[]
[(1, 16), (2, 11), (3, 11), (4, 11), (10, 5)]
[(1, 38), (2, 17), (3, 17), (4, 17), (10, 21)]
[(1, 15), (2, 7), (3, 7), (4, 7), (10, 8)]
[(1, 5), (10, 3), (3, 2), (4, 2), (2, 2)]
[(1, 3), (2, 2), (3, 2), (4, 2), (10, 1)]
[]
[(1, 13), (10, 7), (3, 6), (4, 6), (2, 6)]
[]
[(1, 23), (2, 11), (3, 11), (4, 11), (10, 12)]
[(1, 30), (10, 16), (3, 14), (4, 14), (2, 14)]
[]
[(1, 7), (10, 4), (3, 3), (4, 3), (2, 3)]
[]
[]
[(1, 5), (2, 2), (3, 2), (4, 2), (10, 3)]
[(1, 3), (2, 2), (3, 2), (4, 2), (10, 1)]
[(1, 5), (10, 4), (3, 1), (4, 1), (2, 1)]
[(1, 6), (2, 3), (3, 3), (4, 3), (10, 3)]
[]
[(1, 12), (10, 3), (3, 9), (4, 9), (2, 9)]
[]
[(1, 22), (2, 14), (3, 14), (4, 14), (10, 8)]
[(1, 12), (10, 6), (3, 6), (4, 6), (2, 6)]
[(1, 30), (10, 16), (3, 14), (4, 14), (2, 14)]
[]
[]
[(1, 21), (2, 14), (3, 14), (4, 14), (10, 7)]
[]
[]
[(1, 5), (10, 1), (3, 4), (4, 4), (2, 4)]
[]
[(1, 15), (2, 8), (3, 8), (4, 8), (10, 7)]
[(1, 19), (10, 10), (3, 9), (4, 9), (2, 9)]
[]
[(1, 15), (2, 7), (3, 7), (4, 7), (10, 8)]
[]
[(1, 11), (2, 5), (3, 5), (4, 5), (10, 6)]
[(1, 17), (10, 12), (3, 5), (4, 5), (2, 5)]
[(1, 19), (10, 9), (3, 10), (4, 10), (2, 10)]
[(1, 27), (2, 15), (3, 15), (4, 15), (10, 12)]
[]
[(1, 8), (2, 4), (3, 4), (4, 4), (10, 4)]
[(1, 29), (2, 20), (3, 20), (4, 20), (10, 9)]
[(1, 17), (2, 7), (3, 7), (4, 7), (10, 10)]
[]
[]
[]
[(1, 11), (2, 4), (3, 4), (4, 4), (10, 7)]
[]
[(1, 7), (2, 3), (3, 3), (4, 3), (10, 4)]
[(1, 5), (2, 1), (3, 1), (4, 1), (10, 4)]
[(1, 7), (10, 7)]
[]
[(1, 30), (10, 16), (3, 14), (4, 14), (2, 14)]
[(1, 31), (2, 11), (3, 11), (4, 11), (10, 20)]
[]
[(1, 9), (10, 6), (3, 3), (4, 3), (2, 3)]
[(1, 9), (2, 3), (3, 3), (4, 3), (10, 6)]
[(1, 9), (10, 4), (3, 5), (4, 5), (2, 5)]
[(1, 3), (10, 2), (3, 1), (4, 1), (2, 1)]
[]
[]
[(1, 7), (10, 2), (3, 5), (4, 5), (2, 5)]
[(1, 13), (2, 5), (3, 5), (4, 5), (10, 8)]
[(1, 6), (2, 4), (3, 4), (4, 4), (10, 2)]
[(1, 6), (10, 6)]
[(1, 2), (2, 1), (3, 1), (4, 1), (10, 1)]
[]
[(1, 8), (2, 6), (3, 6), (4, 6), (10, 2)]
[]
[]
[(1, 20), (10, 11), (3, 9), (4, 9), (2, 9)]
[(1, 3), (10, 3)]
[]
[(1, 46), (2, 17), (3, 17), (4, 17), (10, 29)]
[(1, 17), (10, 5), (3, 12), (4, 12), (2, 12)]
[(1, 1), (10, 1)]
[(1, 19), (2, 13), (3, 13), (4, 13), (10, 6)]
[(1, 15), (10, 12), (3, 3), (4, 3), (2, 3)]
[(1, 49), (10, 28), (3, 21), (4, 21), (2, 21)]
[(1, 8), (2, 2), (3, 2), (4, 2), (10, 6)]
[]
[]
[(1, 4), (2, 3), (3, 3), (4, 3), (10, 1)]
[(1, 6), (10, 4), (3, 2), (4, 2), (2, 2)]
[]
[(1, 5), (2, 4), (3, 4), (4, 4), (10, 1)]
[(1, 14), (10, 9), (3, 5), (4, 5), (2, 5)]
[]
[(1, 12), (10, 6), (3, 6), (4, 6), (2, 6)]
[(1, 3), (2, 2), (3, 2), (4, 2), (10, 1)]
[(1, 59), (2, 27), (3, 27), (4, 27), (10, 32)]
[(1, 32), (10, 22), (3, 10), (4, 10), (2, 10)]
[(1, 4), (10, 1), (3, 3), (4, 3), (2, 3)]
[]
[]
[(1, 14), (2, 9), (3, 9), (4, 9), (10, 5)]
[]
[(1, 64), (2, 37), (3, 37), (4, 37), (10, 27)]
[(1, 11), (10, 6), (3, 5), (4, 5), (2, 5)]
[]
[(1, 41), (10, 25), (3, 16), (4, 16), (2, 16)]
[]
[]
[]
[(1, 6), (10, 3), (3, 3), (4, 3), (2, 3)]
[(1, 24), (10, 15), (3, 9), (4, 9), (2, 9)]
[(1, 8), (2, 2), (3, 2), (4, 2), (10, 6)]
[(1, 3), (10, 2), (3, 1), (4, 1), (2, 1)]
[]
[]
[(1, 23), (2, 10), (3, 10), (4, 10), (10, 13)]
[(1, 28), (10, 17), (3, 11), (4, 11), (2, 11)]
[(1, 2), (10, 1), (3, 1), (4, 1), (2, 1)]
[(1, 34), (10, 20), (3, 14), (4, 14), (2, 14)]
[(1, 17), (2, 11), (3, 11), (4, 11), (10, 6)]
[]
[(1, 10), (2, 4), (3, 4), (4, 4), (10, 6)]
[(1, 4), (2, 1), (3, 1), (4, 1), (10, 3)]
[]
[]
[]
[(1, 6), (2, 4), (3, 4), (4, 4), (10, 2)]
[(1, 24), (2, 11), (3, 11), (4, 11), (10, 13)]
[(1, 7), (2, 4), (3, 4), (4, 4), (10, 3)]
[(1, 5), (2, 3), (3, 3), (4, 3), (10, 2)]
[]
[]
[(1, 9), (2, 5), (3, 5), (4, 5), (10, 4)]
[(1, 17), (2, 9), (3, 9), (4, 9), (10, 8)]
[(1, 3), (10, 2), (3, 1), (4, 1), (2, 1)]
[(1, 20), (2, 8), (3, 8), (4, 8), (10, 12)]
[(1, 8), (10, 5), (3, 3), (4, 3), (2, 3)]
[(1, 11), (2, 8), (3, 8), (4, 8), (10, 3)]
[]
[(1, 11), (10, 6), (3, 5), (4, 5), (2, 5)]
[(1, 7), (10, 4), (3, 3), (4, 3), (2, 3)]
[(1, 6), (10, 6)]
[(1, 9), (2, 4), (3, 4), (4, 4), (10, 5)]
[(1, 3), (2, 3), (3, 3), (4, 3)]
[(1, 2), (10, 2)]
[(1, 51), (2, 27), (3, 27), (4, 27), (10, 24)]
[(1, 5), (2, 2), (3, 2), (4, 2), (10, 3)]
[]
[(1, 9), (10, 8), (3, 1), (4, 1), (2, 1)]
[(1, 4), (2, 1), (3, 1), (4, 1), (10, 3)]
[(1, 18), (2, 11), (3, 11), (4, 11), (10, 7)]
[(1, 15), (2, 9), (3, 9), (4, 9), (10, 6)]
[(1, 13), (2, 7), (3, 7), (4, 7), (10, 6)]
[(1, 21), (2, 11), (3, 11), (4, 11), (10, 10)]
[(1, 17), (2, 9), (3, 9), (4, 9), (10, 8)]
[(1, 19), (2, 10), (3, 10), (4, 10), (10, 9)]
[]
[(1, 7), (2, 4), (3, 4), (4, 4), (10, 3)]
[]
[]
[]
[(1, 6), (2, 6), (3, 6), (4, 6)]
[]
[(1, 19), (2, 11), (3, 11), (4, 11), (10, 8)]
[(1, 16), (10, 9), (3, 7), (4, 7), (2, 7)]
[(1, 17), (2, 8), (3, 8), (4, 8), (10, 9)]
[]
[(1, 26), (2, 16), (3, 16), (4, 16), (10, 10)]
[(1, 17), (2, 8), (3, 8), (4, 8), (10, 9)]
[]
[(1, 1), (2, 1), (3, 1), (4, 1)]
[]
[(1, 39), (10, 23), (3, 16), (4, 16), (2, 16)]
[(1, 12), (2, 6), (3, 6), (4, 6), (10, 6)]
[]
[]
[(1, 8), (2, 4), (3, 4), (4, 4), (10, 4)]
[(1, 23), (10, 12), (3, 11), (4, 11), (2, 11)]
[(1, 27), (2, 15), (3, 15), (4, 15), (10, 12)]
[(1, 7), (10, 6), (3, 1), (4, 1), (2, 1)]
[]
[]
[]
[]
[]
[(1, 9), (10, 4), (3, 5), (4, 5), (2, 5)]
[(1, 33), (2, 20), (3, 20), (4, 20), (10, 13)]
[]
[]
[]
[(1, 8), (10, 2), (3, 6), (4, 6), (2, 6)]
[(1, 13), (2, 8), (3, 8), (4, 8), (10, 5)]
[(1, 15), (2, 10), (3, 10), (4, 10), (10, 5)]
[(1, 13), (10, 9), (3, 4), (4, 4), (2, 4)]
[(1, 10), (10, 6), (3, 4), (4, 4), (2, 4)]
[(1, 6), (10, 6)]
[(1, 19), (10, 7), (3, 12), (4, 12), (2, 12)]
[]
[(1, 18), (2, 11), (3, 11), (4, 11), (10, 7)]
[(1, 11), (2, 4), (3, 4), (4, 4), (10, 7)]
[]
[]
[(1, 13), (2, 5), (3, 5), (4, 5), (10, 8)]
[]
[(1, 26), (10, 16), (3, 10), (4, 10), (2, 10)]
[(1, 8), (10, 7), (3, 1), (4, 1), (2, 1)]
[(1, 8), (10, 5), (3, 3), (4, 3), (2, 3)]
[]
[]
[(1, 27), (10, 18), (3, 9), (4, 9), (2, 9)]
[(1, 41), (10, 25), (3, 16), (4, 16), (2, 16)]
[]
[(1, 8), (2, 3), (3, 3), (4, 3), (10, 5)]
[(1, 3), (10, 1), (3, 2), (4, 2), (2, 2)]
[]
[(1, 10), (2, 6), (3, 6), (4, 6), (10, 4)]
[(1, 17), (10, 8), (3, 9), (4, 9), (2, 9)]
[(1, 48), (10, 30), (3, 18), (4, 18), (2, 18)]
[(1, 9), (2, 4), (3, 4), (4, 4), (10, 5)]
[(1, 29), (2, 13), (3, 13), (4, 13), (10, 16)]
[(1, 4), (10, 3), (3, 1), (4, 1), (2, 1)]
[(1, 10), (10, 8), (3, 2), (4, 2), (2, 2)]
[]
[]
[(1, 11), (2, 5), (3, 5), (4, 5), (10, 6)]
[]
[(1, 5), (2, 2), (3, 2), (4, 2), (10, 3)]
[(1, 9), (2, 4), (3, 4), (4, 4), (10, 5)]
[(1, 1), (2, 1), (3, 1), (4, 1)]
[(1, 40), (10, 22), (3, 18), (4, 18), (2, 18)]
[(1, 6), (2, 3), (3, 3), (4, 3), (10, 3)]
[(1, 17), (10, 5), (3, 12), (4, 12), (2, 12)]
[(1, 9), (10, 5), (3, 4), (4, 4), (2, 4)]
[]
[]
[(1, 25), (10, 9), (3, 16), (4, 16), (2, 16)]
[(1, 3), (2, 3), (3, 3), (4, 3)]
[(1, 2), (10, 1), (3, 1), (4, 1), (2, 1)]
[]
[(1, 9), (2, 3), (3, 3), (4, 3), (10, 6)]
[(1, 1), (2, 1), (3, 1), (4, 1)]
[(1, 18), (2, 9), (3, 9), (4, 9), (10, 9)]
[]
[]
[(1, 18), (2, 8), (3, 8), (4, 8), (10, 10)]
[]
[(1, 2), (10, 1), (3, 1), (4, 1), (2, 1)]
[(1, 12), (2, 8), (3, 8), (4, 8), (10, 4)]
[(1, 14), (10, 7), (3, 7), (4, 7), (2, 7)]
[(1, 2), (2, 1), (3, 1), (4, 1), (10, 1)]
[(1, 4), (10, 3), (3, 1), (4, 1), (2, 1)]
[(1, 30), (2, 16), (3, 16), (4, 16), (10, 14)]
[(1, 16), (2, 9), (3, 9), (4, 9), (10, 7)]
[(1, 1), (2, 1), (3, 1), (4, 1)]
[(1, 29), (10, 19), (3, 10), (4, 10), (2, 10)]
[]
[]
[]
[(1, 8), (2, 5), (3, 5), (4, 5), (10, 3)]
[]
[(1, 32), (10, 18), (3, 14), (4, 14), (2, 14)]
[(1, 5), (10, 3), (3, 2), (4, 2), (2, 2)]
[(1, 14), (2, 8), (3, 8), (4, 8), (10, 6)]
[]
[(1, 28), (10, 11), (3, 17), (4, 17), (2, 17)]
[]
[(1, 4), (10, 2), (3, 2), (4, 2), (2, 2)]
[(1, 1), (2, 1), (3, 1), (4, 1)]
[]
[]
[(1, 1), (2, 1), (3, 1), (4, 1)]
[]
[(1, 19), (10, 11), (3, 8), (4, 8), (2, 8)]
[]
[(1, 6), (10, 3), (3, 3), (4, 3), (2, 3)]
[]
[(1, 4), (2, 1), (3, 1), (4, 1), (10, 3)]
[(1, 7), (2, 4), (3, 4), (4, 4), (10, 3)]
[(1, 2), (10, 1), (3, 1), (4, 1), (2, 1)]
[(1, 11), (2, 6), (3, 6), (4, 6), (10, 5)]
[]
[(1, 9), (2, 7), (3, 7), (4, 7), (10, 2)]
[(1, 12), (2, 8), (3, 8), (4, 8), (10, 4)]
[(1, 9), (10, 7), (3, 2), (4, 2), (2, 2)]
[]
[(1, 37), (10, 24), (3, 13), (4, 13), (2, 13)]
[(1, 35), (2, 19), (3, 19), (4, 19), (10, 16)]
[(1, 8), (10, 5), (3, 3), (4, 3), (2, 3)]
[(1, 27), (10, 16), (3, 11), (4, 11), (2, 11)]
[(1, 5), (10, 4), (3, 1), (4, 1), (2, 1)]
[(1, 11), (2, 8), (3, 8), (4, 8), (10, 3)]
[(1, 22), (2, 14), (3, 14), (4, 14), (10, 8)]
[(1, 13), (10, 9), (3, 4), (4, 4), (2, 4)]
[(1, 13), (2, 7), (3, 7), (4, 7), (10, 6)]
[]
[]
[(1, 6), (10, 2), (3, 4), (4, 4), (2, 4)]
[]
[(1, 1), (10, 1)]
[(1, 1), (2, 1), (3, 1), (4, 1)]
[]
[]
[(1, 35), (2, 21), (3, 21), (4, 21), (10, 14)]
[(1, 5), (2, 3), (3, 3), (4, 3), (10, 2)]
[(1, 6), (2, 4), (3, 4), (4, 4), (10, 2)]
[(1, 5), (10, 3), (3, 2), (4, 2), (2, 2)]
[(1, 24), (2, 10), (3, 10), (4, 10), (10, 14)]
[(1, 16), (10, 8), (3, 8), (4, 8), (2, 8)]
[]
[(1, 24), (10, 10), (3, 14), (4, 14), (2, 14)]
[(1, 2), (2, 1), (3, 1), (4, 1), (10, 1)]
[(1, 22), (2, 13), (3, 13), (4, 13), (10, 9)]
[(1, 15), (10, 8), (3, 7), (4, 7), (2, 7)]
[(1, 33), (2, 16), (3, 16), (4, 16), (10, 17)]
[(1, 6), (2, 4), (3, 4), (4, 4), (10, 2)]
[(1, 3), (2, 2), (3, 2), (4, 2), (10, 1)]
[(1, 12), (2, 4), (3, 4), (4, 4), (10, 8)]
[(1, 21), (2, 10), (3, 10), (4, 10), (10, 11)]
[(1, 23), (2, 11), (3, 11), (4, 11), (10, 12)]
[(1, 53), (2, 27), (3, 27), (4, 27), (10, 26)]
[(1, 6), (2, 4), (3, 4), (4, 4), (10, 2)]
[(1, 10), (2, 7), (3, 7), (4, 7), (10, 3)]
[(1, 10), (10, 8), (3, 2), (4, 2), (2, 2)]
[(1, 8), (10, 6), (3, 2), (4, 2), (2, 2)]
[]
[(1, 8), (2, 5), (3, 5), (4, 5), (10, 3)]
[]
[]
[(1, 6), (2, 3), (3, 3), (4, 3), (10, 3)]
[(1, 23), (2, 12), (3, 12), (4, 12), (10, 11)]
[(1, 30), (10, 18), (3, 12), (4, 12), (2, 12)]
[(1, 1), (10, 1)]
[(1, 4), (10, 3), (3, 1), (4, 1), (2, 1)]
[(1, 20), (10, 11), (3, 9), (4, 9), (2, 9)]
[(1, 20), (2, 12), (3, 12), (4, 12), (10, 8)]
[]
[]
[]
[(1, 9), (2, 4), (3, 4), (4, 4), (10, 5)]
[(1, 5), (10, 2), (3, 3), (4, 3), (2, 3)]
[(1, 23), (2, 13), (3, 13), (4, 13), (10, 10)]
[]
[(1, 14), (2, 6), (3, 6), (4, 6), (10, 8)]
[]
[]
[]
[]
[(1, 5), (2, 3), (3, 3), (4, 3), (10, 2)]
[(1, 22), (2, 15), (3, 15), (4, 15), (10, 7)]
[(1, 14), (2, 4), (3, 4), (4, 4), (10, 10)]
[(1, 28), (2, 15), (3, 15), (4, 15), (10, 13)]
[]
[(1, 15), (2, 7), (3, 7), (4, 7), (10, 8)]
[(1, 58), (2, 33), (3, 33), (4, 33), (10, 25)]
[(1, 22), (10, 14), (3, 8), (4, 8), (2, 8)]
[(1, 8), (2, 6), (3, 6), (4, 6), (10, 2)]
[]
[]
[(1, 1), (2, 1), (3, 1), (4, 1)]
[(1, 6), (10, 4), (3, 2), (4, 2), (2, 2)]
[(1, 7), (2, 3), (3, 3), (4, 3), (10, 4)]
[(1, 14), (10, 9), (3, 5), (4, 5), (2, 5)]
[(1, 18), (2, 13), (3, 13), (4, 13), (10, 5)]
[]
[(1, 3), (2, 2), (3, 2), (4, 2), (10, 1)]
[]
[(1, 42), (10, 27), (3, 15), (4, 15), (2, 15)]
[]
[]
[(1, 4), (2, 1), (3, 1), (4, 1), (10, 3)]
[(1, 9), (2, 6), (3, 6), (4, 6), (10, 3)]
[(1, 5), (2, 3), (3, 3), (4, 3), (10, 2)]
[(1, 29), (10, 21), (3, 8), (4, 8), (2, 8)]
[]
[(1, 29), (10, 21), (3, 8), (4, 8), (2, 8)]
[(1, 5), (2, 3), (3, 3), (4, 3), (10, 2)]
[]
[]
[(1, 8), (10, 4), (3, 4), (4, 4), (2, 4)]
[(1, 19), (10, 12), (3, 7), (4, 7), (2, 7)]
[(1, 3), (10, 2), (3, 1), (4, 1), (2, 1)]
[(1, 3), (2, 2), (3, 2), (4, 2), (10, 1)]
[(1, 21), (10, 12), (3, 9), (4, 9), (2, 9)]
[(1, 16), (2, 7), (3, 7), (4, 7), (10, 9)]
[(1, 23), (2, 11), (3, 11), (4, 11), (10, 12)]
[(1, 3), (2, 3), (3, 3), (4, 3)]
[(1, 27), (2, 13), (3, 13), (4, 13), (10, 14)]
[(1, 23), (10, 13), (3, 10), (4, 10), (2, 10)]
[(1, 7), (10, 2), (3, 5), (4, 5), (2, 5)]
[(1, 9), (10, 4), (3, 5), (4, 5), (2, 5)]
[]
[]
[(1, 13), (2, 6), (3, 6), (4, 6), (10, 7)]
[(1, 19), (2, 9), (3, 9), (4, 9), (10, 10)]
[(1, 46), (2, 23), (3, 23), (4, 23), (10, 23)]
[(1, 14), (2, 9), (3, 9), (4, 9), (10, 5)]
[(1, 2), (10, 2)]
[(1, 8), (2, 5), (3, 5), (4, 5), (10, 3)]
[(1, 29), (2, 16), (3, 16), (4, 16), (10, 13)]
[(1, 10), (10, 5), (3, 5), (4, 5), (2, 5)]
[]
[]
[]
[(1, 6), (10, 4), (3, 2), (4, 2), (2, 2)]
[]
[]
[]
[(1, 7), (10, 3), (3, 4), (4, 4), (2, 4)]
[(1, 17), (10, 15), (3, 2), (4, 2), (2, 2)]
[]
[(1, 7), (2, 1), (3, 1), (4, 1), (10, 6)]
[(1, 30), (2, 14), (3, 14), (4, 14), (10, 16)]
[(1, 6), (2, 5), (3, 5), (4, 5), (10, 1)]
[]
[]
[]
[]
[(1, 14), (2, 8), (3, 8), (4, 8), (10, 6)]
[(1, 32), (10, 12), (3, 20), (4, 20), (2, 20)]
[]
[(1, 12), (10, 6), (3, 6), (4, 6), (2, 6)]
[(1, 6), (2, 4), (3, 4), (4, 4), (10, 2)]
[(1, 15), (2, 6), (3, 6), (4, 6), (10, 9)]
[(1, 9), (2, 7), (3, 7), (4, 7), (10, 2)]
[(1, 44), (10, 22), (3, 22), (4, 22), (2, 22)]
[(1, 31), (2, 18), (3, 18), (4, 18), (10, 13)]
[]
[]
[(1, 17), (2, 4), (3, 4), (4, 4), (10, 13)]
[]
[(1, 41), (2, 18), (3, 18), (4, 18), (10, 23)]
[]
[]
[(1, 5), (2, 4), (3, 4), (4, 4), (10, 1)]
[]
[(1, 12), (2, 5), (3, 5), (4, 5), (10, 7)]
[(1, 11), (2, 8), (3, 8), (4, 8), (10, 3)]
[(1, 8), (2, 5), (3, 5), (4, 5), (10, 3)]
[]
[(1, 5), (10, 2), (3, 3), (4, 3), (2, 3)]
[(1, 19), (10, 9), (3, 10), (4, 10), (2, 10)]
[(1, 2), (10, 1), (3, 1), (4, 1), (2, 1)]
[(1, 12), (2, 8), (3, 8), (4, 8), (10, 4)]
[]
[(1, 48), (2, 24), (3, 24), (4, 24), (10, 24)]
[(1, 17), (10, 12), (3, 5), (4, 5), (2, 5)]
[(1, 16), (2, 4), (3, 4), (4, 4), (10, 12)]
[(1, 56), (10, 26), (3, 30), (4, 30), (2, 30)]
[(1, 9), (10, 3), (3, 6), (4, 6), (2, 6)]
[(1, 15), (2, 11), (3, 11), (4, 11), (10, 4)]
[(1, 8), (2, 5), (3, 5), (4, 5), (10, 3)]
[(1, 18), (10, 5), (3, 13), (4, 13), (2, 13)]
[(1, 25), (2, 14), (3, 14), (4, 14), (10, 11)]
[(1, 12), (2, 7), (3, 7), (4, 7), (10, 5)]
[(1, 35), (2, 20), (3, 20), (4, 20), (10, 15)]
[]
[(1, 22), (2, 12), (3, 12), (4, 12), (10, 10)]
[(1, 8), (2, 4), (3, 4), (4, 4), (10, 4)]
[(1, 22), (2, 17), (3, 17), (4, 17), (10, 5)]
[]
[(1, 10), (2, 6), (3, 6), (4, 6), (10, 4)]
[(1, 4), (2, 2), (3, 2), (4, 2), (10, 2)]
[(1, 2), (10, 1), (3, 1), (4, 1), (2, 1)]
[(1, 16), (10, 6), (3, 10), (4, 10), (2, 10)]
[(1, 8), (2, 3), (3, 3), (4, 3), (10, 5)]
[(1, 9), (2, 5), (3, 5), (4, 5), (10, 4)]
[(1, 8), (2, 6), (3, 6), (4, 6), (10, 2)]
[(1, 29), (10, 17), (3, 12), (4, 12), (2, 12)]
[(1, 9), (2, 6), (3, 6), (4, 6), (10, 3)]
[(1, 14), (10, 10), (3, 4), (4, 4), (2, 4)]
[(1, 5), (2, 3), (3, 3), (4, 3), (10, 2)]
[]
[(1, 12), (2, 5), (3, 5), (4, 5), (10, 7)]
[(1, 8), (10, 5), (3, 3), (4, 3), (2, 3)]
[]
[(1, 2), (10, 1), (3, 1), (4, 1), (2, 1)]
[(1, 56), (10, 25), (3, 31), (4, 31), (2, 31)]
[(1, 5), (2, 3), (3, 3), (4, 3), (10, 2)]
[(1, 22), (2, 10), (3, 10), (4, 10), (10, 12)]
[(1, 11), (2, 7), (3, 7), (4, 7), (10, 4)]
[(1, 7), (10, 6), (3, 1), (4, 1), (2, 1)]
[(1, 4), (10, 1), (3, 3), (4, 3), (2, 3)]
[(1, 20), (2, 10), (3, 10), (4, 10), (10, 10)]
[(1, 2), (10, 1), (3, 1), (4, 1), (2, 1)]
[(1, 8), (2, 5), (3, 5), (4, 5), (10, 3)]
[(1, 4), (10, 3), (3, 1), (4, 1), (2, 1)]
[(1, 2), (2, 1), (3, 1), (4, 1), (10, 1)]
[]
[]
[(1, 24), (10, 11), (3, 13), (4, 13), (2, 13)]
[]
[(1, 3), (10, 2), (3, 1), (4, 1), (2, 1)]
[(1, 5), (10, 4), (3, 1), (4, 1), (2, 1)]
[]
[(1, 8), (2, 6), (3, 6), (4, 6), (10, 2)]
[]
[]
[(1, 13), (10, 7), (3, 6), (4, 6), (2, 6)]
[]
[(1, 3), (2, 2), (3, 2), (4, 2), (10, 1)]
[]
[(1, 8), (10, 4), (3, 4), (4, 4), (2, 4)]
[(1, 3), (10, 3)]
[(1, 12), (10, 4), (3, 8), (4, 8), (2, 8)]
[(1, 42), (2, 21), (3, 21), (4, 21), (10, 21)]
[]
[(1, 9), (2, 4), (3, 4), (4, 4), (10, 5)]
[]
[(1, 8), (10, 6), (3, 2), (4, 2), (2, 2)]
[(1, 59), (10, 37), (3, 22), (4, 22), (2, 22)]
[(1, 2), (10, 1), (3, 1), (4, 1), (2, 1)]
[(1, 7), (2, 3), (3, 3), (4, 3), (10, 4)]
[]
[]
[]
[]
[(1, 22), (2, 11), (3, 11), (4, 11), (10, 11)]
[(1, 5), (2, 3), (3, 3), (4, 3), (10, 2)]
[(1, 7), (2, 2), (3, 2), (4, 2), (10, 5)]
[]
[(1, 42), (10, 17), (3, 25), (4, 25), (2, 25)]
[(1, 5), (2, 3), (3, 3), (4, 3), (10, 2)]
[]
[(1, 9), (2, 5), (3, 5), (4, 5), (10, 4)]
[(1, 11), (10, 6), (3, 5), (4, 5), (2, 5)]
[(1, 24), (2, 14), (3, 14), (4, 14), (10, 10)]
[]
[(1, 77), (2, 33), (3, 33), (4, 33), (10, 44)]
[]
[]
[]
[(1, 5), (10, 3), (3, 2), (4, 2), (2, 2)]
[]
[(1, 10), (2, 4), (3, 4), (4, 4), (10, 6)]
[(1, 5), (2, 2), (3, 2), (4, 2), (10, 3)]
[(1, 3), (10, 2), (3, 1), (4, 1), (2, 1)]
[(1, 5), (2, 4), (3, 4), (4, 4), (10, 1)]
[(1, 49), (2, 30), (3, 30), (4, 30), (10, 19)]
[]
[(1, 2), (10, 2)]
[(1, 7), (2, 3), (3, 3), (4, 3), (10, 4)]
[(1, 3), (2, 2), (3, 2), (4, 2), (10, 1)]
[]
[(1, 18), (10, 9), (3, 9), (4, 9), (2, 9)]
[(1, 7), (10, 4), (3, 3), (4, 3), (2, 3)]
[]
[(1, 9), (2, 2), (3, 2), (4, 2), (10, 7)]
[(1, 16), (10, 8), (3, 8), (4, 8), (2, 8)]
[(1, 36), (10, 22), (3, 14), (4, 14), (2, 14)]
[]
[(1, 8), (10, 4), (3, 4), (4, 4), (2, 4)]
[(1, 10), (10, 8), (3, 2), (4, 2), (2, 2)]
[(1, 22), (10, 13), (3, 9), (4, 9), (2, 9)]
[(1, 27), (2, 11), (3, 11), (4, 11), (10, 16)]
[(1, 31), (2, 15), (3, 15), (4, 15), (10, 16)]
[(1, 14), (10, 5), (3, 9), (4, 9), (2, 9)]
[(1, 20), (2, 10), (3, 10), (4, 10), (10, 10)]
[]
[]
[(1, 8), (10, 6), (3, 2), (4, 2), (2, 2)]
[(1, 15), (2, 8), (3, 8), (4, 8), (10, 7)]
[]
[(1, 5), (10, 2), (3, 3), (4, 3), (2, 3)]
[(1, 7), (2, 4), (3, 4), (4, 4), (10, 3)]
[(1, 19), (2, 9), (3, 9), (4, 9), (10, 10)]
[(1, 9), (2, 4), (3, 4), (4, 4), (10, 5)]
[(1, 8), (2, 4), (3, 4), (4, 4), (10, 4)]
[(1, 35), (10, 23), (3, 12), (4, 12), (2, 12)]
[]
[(1, 29), (2, 12), (3, 12), (4, 12), (10, 17)]
[(1, 9), (2, 4), (3, 4), (4, 4), (10, 5)]
[(1, 2), (2, 2), (3, 2), (4, 2)]
[]
[(1, 5), (10, 3), (3, 2), (4, 2), (2, 2)]
[(1, 4), (10, 2), (3, 2), (4, 2), (2, 2)]
[(1, 4), (2, 4), (3, 4), (4, 4)]
[(1, 16), (10, 8), (3, 8), (4, 8), (2, 8)]
[]
[]
[]
[(1, 5), (10, 1), (3, 4), (4, 4), (2, 4)]
[]
[(1, 12), (10, 6), (3, 6), (4, 6), (2, 6)]
[(1, 4), (2, 1), (3, 1), (4, 1), (10, 3)]
[(1, 10), (2, 6), (3, 6), (4, 6), (10, 4)]
[(1, 6), (10, 5), (3, 1), (4, 1), (2, 1)]
[(1, 2), (10, 2)]
[(1, 14), (2, 8), (3, 8), (4, 8), (10, 6)]
[]
[]
[(1, 15), (10, 6), (3, 9), (4, 9), (2, 9)]
[]
[(1, 10), (2, 5), (3, 5), (4, 5), (10, 5)]
[]
[(1, 6), (2, 3), (3, 3), (4, 3), (10, 3)]
[(1, 9), (2, 5), (3, 5), (4, 5), (10, 4)]
[(1, 41), (10, 11), (3, 30), (4, 30), (2, 30)]
[(1, 2), (10, 1), (3, 1), (4, 1), (2, 1)]
[(1, 4), (10, 2), (3, 2), (4, 2), (2, 2)]
[(1, 2), (2, 2), (3, 2), (4, 2)]
[(1, 7), (10, 5), (3, 2), (4, 2), (2, 2)]
[(1, 17), (2, 7), (3, 7), (4, 7), (10, 10)]
[(1, 5), (10, 2), (3, 3), (4, 3), (2, 3)]
[]
[(1, 3), (10, 3)]
[(1, 29), (2, 15), (3, 15), (4, 15), (10, 14)]
[(1, 5), (2, 4), (3, 4), (4, 4), (10, 1)]
[]
[]
[(1, 16), (10, 7), (3, 9), (4, 9), (2, 9)]
[(1, 10), (10, 5), (3, 5), (4, 5), (2, 5)]
[(1, 3), (10, 3)]
[]
[]
[(1, 25), (10, 15), (3, 10), (4, 10), (2, 10)]
[(1, 4), (10, 3), (3, 1), (4, 1), (2, 1)]
[]
[(1, 7), (10, 4), (3, 3), (4, 3), (2, 3)]
[]
[]
[(1, 53), (10, 33), (3, 20), (4, 20), (2, 20)]
[]
[(1, 9), (2, 5), (3, 5), (4, 5), (10, 4)]
[(1, 9), (10, 7), (3, 2), (4, 2), (2, 2)]
[(1, 11), (2, 4), (3, 4), (4, 4), (10, 7)]
[(1, 4), (10, 3), (3, 1), (4, 1), (2, 1)]
[]
[(1, 3), (10, 1), (3, 2), (4, 2), (2, 2)]
[(1, 48), (2, 27), (3, 27), (4, 27), (10, 21)]
[(1, 17), (2, 10), (3, 10), (4, 10), (10, 7)]
[]
[]
[(1, 15), (2, 9), (3, 9), (4, 9), (10, 6)]
[(1, 4), (10, 2), (3, 2), (4, 2), (2, 2)]
[(1, 29), (10, 12), (3, 17), (4, 17), (2, 17)]
[]
[]
[]
[]
[(1, 3), (10, 2), (3, 1), (4, 1), (2, 1)]
