0.000000
-152.277354
-653.908335
-41.272952
-8.523100
-341.453426
-923.935431
-834.807911
-4.604419
-4.371264
-1937.306700
0.000000
-130.552873
-584.212117
-66.970634
-308.820422
-63.929752
-1525.725154
-298.698155
-838.505976
-8.548349
-574.388266
-25.936261
-402.591841
-37.075806
-555.251830
-8921.629029
-44.321248
-130.877491
-94.252025
0.000000
-39.917624
-95.874945
-81.898198
-2.243082
-342.122125
-2.018153
-209.166959
-9.277950
0.000000
0.000000
-1016.171523
-360.631117
-9.753808
-70.595873
0.000000
-4.416004
1.128076
-1444.187966
-116.043077
-206.022848
-159.830586
-43.715080
0.000000
-2782.030564
-148.136502
-237.054784
-368.091069
-243.905411
-128.422480
-261.028696
0.117105
-2675.452550
-65.109522
-10.626252
-437.101320
-67.583110
-77.961532
-303.809897
-15.413278
-175.173343
0.000000
0.000000
-12.834044
-362.191311
-198.711108
-162.067039
-39.004627
-4.254196
-198.209979
-549.465849
-733.475709
-265.166701
-15.325562
0.000000
-27.935119
-389.183208
-1495.252662
-36.002256
-210.765638
-452.119090
0.000000
-370.984580
-204.411274
-147.016820
-528.305327
-2819.709059
0.000000
-184.923187
0.000000
0.000000
0.000000
-137.696433
-75.980017
0.000000
-93.456415
-59.142177
0.000000
0.000000
-2577.061306
-699.556783
-772.006290
-317.804453
0.000000
0.000000
0.000000
-93.348312
-182.889556
-5.016455
-377.082843
-933.314532
0.000000
0.000000
-69.473739
-8043.493341
-1358.809799
-417.059732
-4305.802156
-1.934929
-364.258824
-307.982814
-169.648478
-606.192623
-931.043847
-26.760889
-352.551351
-84.730915
-1549.901035
-743.782033
0.000000
0.000000
-4.961423
-76.986237
0.000000
0.000000
-68.163596
-0.350122
0.000000
0.000000
-237.217193
-24.755376
-115.726757
-833.810090
-33.346033
-81.385847
-3.282249
-344.415693
0.000000
-765.681843
-313.374775
-374.236794
-239.767524
-168.061380
-392.312275
-976.510341
-488.287036
-63.393492
0.000000
-91.526653
-156.053755
-382.971519
-20.768960
0.000000
-118.340527
-61.954791
0.000000
-62.822817
0.000000
0.000000
0.000000
-267.022503
-3798.817566
-51.875448
-20.823752
-2.303384
-121.625687
-72.239607
-1271.622650
-109.804527
0.000000
-252.282405
-140.746420
0.000000
-10.585128
-200.106524
-260.085438
-79.416642
-470.197695
-145.439062
-108.135608
-5888.944145
-71.101238
-2362.870351
-108.812097
0.669183
0.000000
-1440.543364
-691.090536
-2973.612698
-592.187923
-957.572958
0.000000
-5.587047
-582.412632
-104.213943
0.000000
-172.519221
-1781.948465
-362.783315
-106.494053
0.000000
-507.249325
0.000000
-436.124289
-326.912390
-194.259310
-161.241247
-36.808528
0.000000
-213.894930
-212.497934
-439.418010
-30.962603
-163.576364
0.000000
-45.094350
-68.511276
0.000000
-46.048623
-156.214737
-481.705484
-220.042593
-224.294165
-427.869684
-101.470971
-42.574338
-139.714776
0.000000
-516.018376
0.000000
-1104.358144
-158.100339
-104.612723
-6.289545
-278.009651
-23.291225
-760.489953
-40.587050
-53.793392
0.000000
-28.829804
-4032.852790
-396.980091
-479.971512
0.000000
-2754.417603
0.000000
-90.388046
-238.453962
-410.689833
-55.669738
0.000000
-2614.323175
-27.233444
0.000000
-13.375491
-37.118493
-91.024965
-103.531009
-307.992221
-940.462869
-18.161825
-143.170517
-228.457740
-57.388684
-2294.116692
-164.260602
-109.464816
-10.157483
-517.857888
-207.541990
0.000000
-433.699906
-873.909286
-2.527001
-272.124768
-37.306963
-193.737310
-18.564060
-114.123086
-36.962967
-635.297404
-156.854517
-368.386098
-252.029651
-393.542530
-80.357248
-90.890090
-8.665195
-13.879631
0.000000
-43.326866
-64.293178
-322.987278
0.000000
-1643.183539
-89.115682
-234.449997
0.000000
-144.605621
-125.391816
-1261.299157
-87.528558
-196.612943
0.000000
-17.522099
0.000000
-702.360446
-4062.989394
-325.658914
-52.879032
-3536.290416
-62.991082
-2.571051
-8.153853
-215.370462
0.000000
-4.083544
-12.251702
-225.853693
0.000000
-18.980081
-166.252897
-63.378546
-0.225971
0.000000
-366.306909
-155.650641
-42.566499
-431.882831
0.000000
-155.711511
-613.027970
-159.405242
-183.340306
-190.545782
0.000000
-11.332081
-8.825589
-248.714255
0.000000
-28.696493
0.000000
-347.460288
-302.866277
-51.367685
-90.811340
0.000000
0.000000
-156.322921
-15.977408
-3.411960
0.000000
-422.082238
-75.524759
0.000000
-349.398128
0.000000
-116.045194
-78.663075
-162.269494
-95.752749
0.000000
-14.336062
-912.295676
-748.712979
-33.501430
-131.090949
0.000000
-52.220642
-473.237980
-56.723426
0.000000
-603.915014
-17.600442
-265.689911
0.000000
0.000000
0.000000
-63.592440
-442.129741
-220.347455
-256.542318
-24.551125
-563.336872
-123.852402
0.000000
-1179.839130
-62.379210
-49.895662
0.000000
0.000000
-4.420371
-65.559126
-388.225263
-40.467263
-42.396278
-187.700419
-105.915792
-152.027454
-404.379593
-244.153501
-224.367483
-162.318771
0.000000
0.000000
-247.317968
-23.927881
-2.785304
0.000000
-134.772571
-446.837326
-465.369504
-343.043906
0.000000
-1512.020260
-268.167606
-1251.844392
-141.796962
-156.183934
-1277.341281
-27.617791
-84.689724
-32.269051
-5.057363
0.000000
-75.138075
-13416.507223
-556.301591
-54.215012
-228.937233
-914.235370
0.000000
-188.699246
-288.973773
-28.276296
0.000000
-22.730546
-93.971140
0.000000
-45.243614
-54.356316
-89.603366
-304.897502
-35.777879
-145.658648
0.000000
-330.866316
-17.075720
-117.394540
-50.927393
-158.464095
0.000000
-522.729947
0.000000
-423.249799
-114.771091
-1230.082317
-5380.602761
-527.793750
-36.909752
-142.392716
-348.562991
-126.038167
-217.642363
-160.391793
-335.063949
-20.180514
-405.896913
-66.110839
-305.061618
0.000000
-733.057949
-586.867935
-175.300548
0.000000
-609.526005
-174.994123
-289.599673
-949.200362
