1.000000
-321.291526
-1655.366316
-72.844545
-25.880157
-720.185316
-2396.191573
-1794.658671
-11.545400
-26.346968
-3914.120040
1.000000
-259.030371
-1393.982808
-170.053090
-600.068348
-143.938815
-3839.230964
-824.011700
-1872.748961
-15.238651
-1290.778717
-43.059281
-1141.651225
-79.567665
-1236.291955
-19923.280314
-81.794123
-299.589983
-317.204792
0.500000
-47.320703
-137.308171
-186.487318
-3.860406
-758.100241
-54.202276
-403.883819
-36.092363
1.000000
1.000000
-2326.606547
-850.874846
-32.515669
-158.626117
1.000000
-12.002185
-18.260664
-3726.610635
-316.790762
-531.582954
-413.129167
-112.726546
1.000000
-6870.935651
-218.777538
-582.093230
-856.379021
-531.576234
-253.588948
-542.824236
-1.683322
-6153.426568
-185.654474
-19.880900
-1228.181038
-146.638739
-145.002928
-534.672186
-45.889688
-427.358316
1.000000
1.000000
-30.273576
-809.009982
-484.643704
-314.878321
-137.198782
-25.520829
-492.698262
-1238.131535
-1814.146331
-625.215881
-30.481489
1.000000
-88.277602
-914.979542
-4117.417854
-76.582737
-425.722458
-1222.956086
1.000000
-695.153835
-582.125696
-392.824131
-1469.203774
-6299.337862
1.000000
-446.200830
1.000000
1.000000
1.000000
-297.585216
-209.259984
0.500000
-229.909672
-126.025826
1.000000
1.000000
-6137.293330
-1404.277668
-1794.572869
-748.449271
1.000000
0.500000
1.000000
-166.290986
-516.924684
-19.306889
-976.889883
-2264.048613
1.000000
1.000000
-204.187988
-19775.019111
-3137.792706
-820.172097
-9433.785686
-3.735355
-907.631958
-847.706130
-384.980075
-1447.381482
-2200.473082
-54.416578
-737.198935
-219.715525
-4302.326611
-1458.691795
1.000000
1.000000
-26.814800
-226.655514
1.000000
1.000000
-122.573175
-1.851922
1.000000
1.000000
-541.368963
-47.648433
-287.232603
-1796.823867
-93.319555
-183.394941
-17.890941
-804.898404
1.000000
-1833.112517
-705.997121
-1092.111683
-420.651137
-358.945860
-802.070298
-2849.959206
-1119.121756
-164.679161
1.000000
-203.705581
-376.918960
-974.414207
-39.989047
1.000000
-282.577598
-138.706213
1.000000
-196.309475
1.000000
1.000000
1.000000
-525.636111
-10708.976661
-129.103477
-68.590957
-5.388513
-330.802985
-174.453203
-2993.131372
-283.459549
1.000000
-624.154036
-256.942130
1.000000
-16.319741
-504.196298
-596.899050
-176.332367
-1102.002492
-508.831471
-266.419407
-11990.713970
-164.265503
-5805.288972
-301.553419
-10.966709
1.000000
-2964.991159
-1323.581107
-6603.208839
-1180.062396
-2578.854092
1.000000
-27.320947
-1488.774597
-297.076588
1.000000
-493.758755
-3936.765794
-943.221639
-250.002047
1.000000
-1330.994133
1.000000
-1029.897467
-695.207188
-415.258083
-347.419088
-100.813876
1.000000
-569.011343
-502.979960
-1169.430105
-56.317127
-421.213119
1.000000
-130.829759
-172.996643
1.000000
-151.036345
-194.470795
-1100.564819
-529.912819
-581.567250
-884.275904
-270.259146
-77.051428
-365.965627
1.000000
-1069.804251
1.000000
-2327.255437
-412.467010
-262.549744
-16.615406
-590.897668
-44.346565
-1800.574484
-103.840684
-134.541950
1.000000
-66.013049
-9343.104489
-873.297653
-940.799931
1.000000
-7345.934471
1.000000
-289.381534
-542.661300
-854.795680
-151.842681
1.000000
-6274.069544
-66.183795
1.000000
-22.399090
-135.850503
-250.727525
-237.720885
-661.640205
-2234.618241
-36.325159
-297.782652
-596.405599
-133.840678
-5479.829601
-401.664039
-306.301834
-40.303160
-1183.332349
-523.072166
1.000000
-1006.727192
-1721.100339
-13.066351
-620.671541
-110.102373
-381.447345
-69.532058
-268.356630
-88.736873
-1340.422167
-371.067128
-1202.522194
-529.260195
-949.845784
-244.069715
-303.490776
-42.666968
-38.168000
1.000000
-101.197626
-153.006433
-776.908312
1.000000
-3917.182631
-189.254087
-546.258117
1.000000
-329.667560
-235.321044
-3333.461585
-175.079571
-489.068873
1.000000
-39.838316
1.000000
-1722.720769
-9120.189343
-647.636247
-136.408139
-7456.609929
-203.896970
-21.666101
-32.479902
-631.181093
1.000000
-5.883970
-39.481134
-619.097531
1.000000
-46.992220
-317.213399
-106.880841
-3.494202
1.000000
-836.851945
-415.249292
-113.578312
-1067.958625
1.000000
-408.208399
-1155.606597
-329.857446
-515.603640
-391.857925
1.000000
-39.566598
-21.228007
-583.554950
1.000000
-50.460779
1.000000
-883.159052
-632.852129
-119.725344
-299.367249
1.000000
1.000000
-382.857965
-54.803549
-9.031049
1.000000
-1064.297454
-138.924145
1.000000
-784.901249
1.000000
-296.615078
-173.738843
-340.190520
-176.009489
1.000000
-43.275968
-2311.389220
-1788.867427
-79.367697
-303.632244
1.000000
-92.014707
-1203.527339
-152.516188
1.000000
-1442.954141
-28.061458
-624.395765
1.000000
0.166667
1.000000
-173.761984
-1069.208954
-555.665915
-615.619447
-55.390153
-1588.605355
-307.469080
1.000000
-2918.530736
-129.805454
-92.907699
1.000000
1.000000
-15.142823
-158.756686
-940.183717
-99.332381
-104.727235
-406.149513
-244.219752
-427.609798
-841.335996
-604.383397
-621.563301
-437.818262
1.000000
1.000000
-700.957434
-63.992025
-8.173343
1.000000
-364.454048
-1038.960536
-1228.848145
-876.293871
1.000000
-3270.229663
-625.453586
-2717.532778
-413.176436
-354.413946
-3047.492675
-57.607658
-132.655104
-52.105546
-25.942549
1.000000
-178.731875
-25621.585964
-1418.981698
-172.707416
-503.239177
-2072.544811
0.500000
-570.435319
-654.894271
-63.481221
1.000000
-52.258437
-240.420635
1.000000
-101.742817
-83.574824
-152.537095
-751.550104
-100.229618
-410.445842
1.000000
-744.970428
-30.871317
-199.946011
-156.118297
-363.040823
1.000000
-1304.330750
1.000000
-1010.103909
-329.395757
-2406.623311
-10102.125718
-1114.568551
-86.668495
-320.808793
-774.732767
-311.345783
-460.431767
-346.110965
-788.502572
-56.855004
-964.262985
-173.258526
-673.140588
1.000000
-1648.214410
-1289.727491
-408.124603
1.000000
-1656.011019
-366.385400
-475.161368
-2476.109444
