1.000000
-169.014172
-1001.457981
-31.571593
-17.357057
-378.731890
-1472.256142
-959.850760
-6.940981
-21.975705
-1976.813340
1.000000
-128.477499
-809.770691
-103.082456
-291.247926
-80.009063
-2313.505810
-525.313545
-1034.242985
-6.690302
-716.390451
-17.123020
-739.059384
-42.491859
-681.040124
-11001.651286
-37.472875
-168.712492
-222.952767
0.500000
-7.403079
-41.433226
-104.589121
-1.617324
-415.978116
-52.184123
-194.716860
-26.814413
1.000000
1.000000
-1310.435023
-490.243729
-22.761861
-88.030244
1.000000
-7.586181
-19.388740
-2282.422668
-200.747685
-325.560106
-253.298581
-69.011467
1.000000
-4088.905086
-70.641036
-345.038446
-488.287953
-287.670823
-125.166468
-281.795540
-1.800426
-3477.974018
-120.544952
-9.254648
-791.079718
-79.055628
-67.041395
-230.862289
-30.476410
-252.184973
1.000000
1.000000
-17.439532
-446.818671
-285.932596
-152.811282
-98.194155
-21.266633
-294.488283
-688.665686
-1080.670622
-360.049181
-15.155927
1.000000
-60.342483
-525.796334
-2622.165192
-40.580481
-214.956821
-770.836997
1.000000
-324.169255
-377.714422
-245.807311
-940.898447
-3479.628803
1.000000
-261.277643
1.000000
1.000000
1.000000
-159.888783
-133.279967
0.500000
-136.453257
-66.883649
1.000000
1.000000
-3560.232024
-704.720885
-1022.566579
-430.644818
1.000000
0.500000
1.000000
-72.942675
-334.035128
-14.290434
-599.807039
-1330.734081
1.000000
1.000000
-134.714249
-11731.525770
-1778.982907
-403.112365
-5127.983530
-1.800426
-543.373134
-539.723316
-215.331597
-841.188859
-1269.429235
-27.655689
-384.647584
-134.984610
-2752.425577
-714.909762
1.000000
1.000000
-21.853377
-149.669276
1.000000
1.000000
-54.409579
-1.501800
1.000000
1.000000
-304.151770
-22.893057
-171.505847
-963.013777
-59.973522
-102.009094
-14.608692
-460.482710
1.000000
-1067.430673
-392.622346
-717.874889
-180.883613
-190.884480
-409.758024
-1873.448865
-630.834720
-101.285669
1.000000
-112.178928
-220.865204
-591.442688
-19.220087
1.000000
-164.237071
-76.751421
1.000000
-133.486658
1.000000
1.000000
1.000000
-258.613609
-6910.159095
-77.228029
-47.767205
-3.085129
-209.177298
-102.213596
-1721.508721
-173.655022
1.000000
-371.871631
-116.195710
1.000000
-5.734613
-304.089773
-336.813613
-96.915725
-631.804797
-363.392408
-158.283799
-6101.769825
-93.164265
-3442.418620
-192.741322
-11.635892
1.000000
-1524.447794
-632.490571
-3629.596141
-587.874473
-1621.281134
1.000000
-21.733899
-906.361966
-192.862645
1.000000
-321.239535
-2154.817329
-580.438324
-143.507994
1.000000
-823.744808
1.000000
-593.773178
-368.294798
-220.998773
-186.177841
-64.005348
1.000000
-355.116412
-290.482026
-730.012095
-25.354524
-257.636755
1.000000
-85.735410
-104.485367
1.000000
-104.987722
-38.256058
-618.859335
-309.870226
-357.273085
-456.406220
-168.788175
-34.477090
-226.250852
1.000000
-553.785874
1.000000
-1222.897293
-254.366671
-157.937021
-10.325861
-312.888017
-21.055340
-1040.084531
-63.253634
-80.748559
1.000000
-37.183244
-5310.251699
-476.317562
-460.828419
1.000000
-4591.516868
1.000000
-198.993488
-304.207338
-444.105847
-96.172943
1.000000
-3659.746368
-38.950352
1.000000
-9.023599
-98.732010
-159.702560
-134.189876
-353.647983
-1294.155372
-18.163333
-154.612135
-367.947858
-76.451994
-3185.712909
-237.403437
-196.837018
-30.145677
-665.474461
-315.530176
1.000000
-573.027285
-847.191052
-10.539350
-348.546773
-72.795410
-187.710035
-50.967997
-154.233544
-51.773906
-705.124763
-214.212612
-834.136096
-277.230544
-556.303254
-163.712467
-212.600687
-34.001773
-24.288369
1.000000
-57.870760
-88.713255
-453.921034
1.000000
-2273.999092
-100.138405
-311.808120
1.000000
-185.061940
-109.929227
-2072.162427
-87.551013
-292.455930
1.000000
-22.316217
1.000000
-1020.360323
-5057.199949
-321.977333
-83.529108
-3920.319514
-140.905888
-19.095050
-24.326049
-415.810631
1.000000
-1.800426
-27.229432
-393.243838
1.000000
-28.012139
-150.960503
-43.502294
-3.268231
1.000000
-470.545035
-259.598651
-71.011813
-636.075794
1.000000
-252.496887
-542.578627
-170.452204
-332.263334
-201.312143
1.000000
-28.234518
-12.402418
-334.840695
1.000000
-21.764286
1.000000
-535.698764
-329.985853
-68.357659
-208.555910
1.000000
1.000000
-226.535044
-38.826141
-5.619088
1.000000
-642.215216
-63.399386
1.000000
-435.503121
1.000000
-180.569883
-95.075768
-177.921026
-80.256741
1.000000
-28.939906
-1399.093543
-1040.154448
-45.866267
-172.541295
1.000000
-39.794065
-730.289359
-95.792762
1.000000
-839.039127
-10.461016
-358.705853
1.000000
0.166667
1.000000
-110.169544
-627.079213
-335.318460
-359.077129
-30.839027
-1025.268483
-183.616678
1.000000
-1738.691606
-67.426244
-43.012037
1.000000
1.000000
-10.722452
-93.197560
-551.958455
-58.865118
-62.330957
-218.449095
-138.303960
-275.582343
-436.956403
-360.229896
-397.195818
-275.499491
1.000000
1.000000
-453.639466
-40.064143
-5.388039
1.000000
-229.681477
-592.123210
-763.478642
-533.249965
1.000000
-1758.209403
-357.285979
-1465.688385
-271.379474
-198.230012
-1770.151394
-29.989867
-47.965380
-19.836495
-20.885186
1.000000
-103.593800
-12205.078741
-862.680107
-118.492404
-274.301944
-1158.309441
0.500000
-381.736073
-365.920498
-35.204925
1.000000
-29.527891
-146.449496
1.000000
-56.499204
-29.218508
-62.933729
-446.652602
-64.451739
-264.787194
1.000000
-414.104112
-13.795597
-82.551471
-105.190903
-204.576728
1.000000
-781.600803
1.000000
-586.854111
-214.624666
-1176.540994
-4721.522956
-586.774801
-49.758744
-178.416077
-426.169776
-185.307616
-242.789404
-185.719172
-453.438622
-36.674490
-558.366072
-107.147687
-368.078970
1.000000
-915.156460
-702.859556
-232.824055
1.000000
-1046.485014
-191.391277
-185.561695
-1526.909082
