-1435.660036
-6332.098671
-91.916207
-332.432126
-94.647998
-1049.860003
-532.185338
-765.101776
-2075.666285
-365.995054
-220.786429
-678.806588
-4916.400250
-45914.117040
-5533.881080
-2081.785044
-1491.631059
-336.450231
-1731.646782
-1006.024554
-679.751287
-149.995008
-784.408279
-3085.422638
-729.052322
-2258.880612
-623.799736
-3332.407701
1.000000
-1526.584101
-600.161491
-1168.569935
-216.608151
-6934.267452
-1757.200371
1.000000
-2326.182958
-6085.084142
-1059.042491
-858.221558
-770.863894
-4158.015066
-2283.837478
-5.747140
-2767.449581
-750.780864
-9727.616484
-3817.263434
-2538.215020
-371.337562
-7754.830522
-8726.526274
-132.582207
-897.837940
-3437.918279
-211.145580
-13143.797899
-109.306398
-1180.792439
-654.679776
-1322.058720
-253.023337
-1422.578147
-10875.315408
-975.181608
-1324.087834
-6474.798608
-2274.485764
-954.751280
-129.414188
-1861.172844
-473.221870
-2725.872368
-1569.281552
-7948.289299
-25.138957
-435.423945
-4160.196298
-703.576966
-1064.988529
-107.942652
-247.011943
-1184.639290
-339.307502
-100.837186
-2139.782077
-2061.527397
-8600.318036
-163.389490
-411.733408
-3253.380072
-6267.893223
-5462.631538
-1055.693398
-344.249546
-263.444443
-118.582725
-1936.071243
-574.456298
-3076.161156
-2569.556609
-838.522348
-7870.776496
-12420.165215
-1043.688133
-274.642416
-4077.578546
-699.539411
-4070.270327
-7853.633934
-259.870917
-3590.045833
-274.854621
-5627.206464
-5364.336571
-9306.704897
-1521.509924
-1234.358930
-3406.047758
-2198.105096
-3502.726028
-542.842104
-690.028248
-1024.400359
-797.676373
-2406.796719
-732.364991
-648.372436
-517.522134
-451.181168
-23857.354808
-58.448578
-648.256974
-804.536240
-10713.265234
-8699.558666
-1374.244708
-1046.488473
-828.483310
-1078.286394
-4260.241549
-12731.722357
-2198.147946
-5406.949518
-150.177008
-1070.944775
-823.077975
-3250.091519
-323.048188
-468.819225
-224.806392
-108.449938
-1130.250567
-462.039062
-1018.509646
-280.325670
-2540.576055
-1909.435102
-2884.073626
-1500.619156
-2521.652219
-1749.243276
-25535.156385
-1361.313209
-4344.948192
-528.374898
-440.825496
-901.468779
-518.814488
-5045.064444
-801.110162
-2506.529407
-226.264036
-101.766812
-89.628344
-4313.381436
-18108.785657
-933.432666
-273.693395
-10272.068230
-9065.821655
-1111.919445
-7591.879797
-29.987321
-659.921980
-201.456370
-109.522561
-15030.304778
-6430.142951
-4737.108895
-1423.084265
-1150.863682
-512.913836
-7868.284530
-1698.772845
-4953.356119
-3500.784842
-4892.214919
-238.560026
-2611.569589
-1227.078628
-703.161356
1.000000
-4825.000781
-119.813116
-5711.366402
-2762.827473
-5752.622867
-15923.472435
-1486.668473
-118.870297
-4764.824472
-22877.225032
-529.545604
-31.407322
-325.001213
-2937.529598
-634.792004
-371.027079
-2980.207779
-506.764804
-938.971093
-40118.362558
-874.354180
1.000000
-356.539408
-3439.077448
-1057.006063
-1208.874093
-7648.702618
-8330.805668
-4300.529714
-6350.657779
-847.823860
-3552.353625
-875.438333
-1407.449413
-968.339818
-642.900233
-335.735044
-2161.602749
-1716.141617
-12036.517197
-2831.753961
-664.822550
-1838.771813
-627.443787
-4405.070124
-1749.891648
-954.350003
-19506.261291
-885.117266
-386.728764
-8551.040096
-714.814651
-41.048952
-2984.328952
-943.040912
-3124.452600
-1173.206834
-844.082892
-528.514038
-141.838072
-83.389248
-214.131709
-425.677348
-1852.398284
-396.372525
-1471.142713
-724.585159
-72.009610
-31.238641
-11836.997756
-135.650552
-4229.006717
-5551.508755
-233.651315
-453.106311
-122.195050
-546.052318
-648.685326
-549.654839
-686.714317
-8051.617729
-417.736567
-6128.246089
-451.181163
-4097.423905
-2828.510979
-380.525136
-1280.022825
-172.337036
-1134.071776
-117.590794
-333.386180
-4512.557365
-9747.970337
-919.922720
-737.849764
-4084.675470
-441.203199
-149.487869
-144.604792
-106.792927
-1760.136838
-2215.388975
-831.576677
-3147.167423
-739.404054
-604.596224
-303.501526
-1125.574590
-3509.941626
-696.869136
-8072.154500
-1111.070899
-1910.267820
-635.302462
-150.913467
-23362.768280
-586.826818
-928.187775
-838.700655
-4217.936496
-2982.691744
-5023.819208
-2002.821720
-35.417987
-1996.915945
-580.251288
-1214.891425
-482.666978
-2776.073161
-27279.198174
-114.588416
-1203.825925
-4153.607646
-6939.047636
1.000000
-308.394371
-2341.835272
-1186.705994
-3761.876826
-272.240059
-173.503333
-510.683712
-851.956335
-2017.741602
-53.250696
-933.626033
-791.477338
-570.433956
-1183.665748
-120.122548
-8503.072957
-1556.122699
-387.550262
-4577.926027
-204.009973
-2757.724343
-1238.167030
-3204.811357
-829.364407
-154.629232
-781.850291
-158.716156
-1199.709838
-1210.588782
-10609.336400
-536.709420
-3000.686050
-120.162282
-2272.476545
-11604.672653
-1244.975517
-4774.883748
-436.497399
-2980.177319
-400.350353
-417.965539
-2838.743568
-562.605380
-756.229867
-2066.208248
-2708.975854
-1439.274604
-3860.132602
-4174.137820
-1253.144303
-53.907143
-17285.127535
-334.807860
-958.685759
-473.198095
-45386.446487
-2553.102515
-6848.705781
-645.844455
-660.644359
-431.861128
-1689.041785
-856.100263
-25.088750
-4651.487221
-9241.657891
-568.553135
-2568.241698
-3965.880950
-132.020166
-1634.703579
-709.107847
-4770.344446
-443.270834
-1360.779007
-1479.028974
-3820.882154
-1770.342711
-991.802813
-3126.830254
-331.212647
-642.360923
-3549.185187
-5942.361849
-711.991403
-2975.060193
-2156.539920
-5421.297196
-11128.563191
-5668.883226
-163.035138
-5163.213696
-1434.045135
-640.547351
-9046.835608
-328.255044
-9443.670886
-197.830170
-108.660068
-1939.064941
-6073.887348
-1774.921875
-877.618371
-870.737715
-1414.715938
-5716.093333
-2400.945354
-836.001822
-29012.255945
-1151.654996
-2301.159137
-2536.450918
-1386.968977
1.000000
-1233.545839
-591.942717
-9922.557550
-403.129446
1.000000
-149.066812
-864.188781
-242.587972
-2439.908076
-1602.567419
-35.922231
-383.436054
-418.139241
-7363.998197
-9776.861894
-53.985395
-332.039761
-754.732501
-725.804691
-4459.420272
-413.419645
-13706.899205
-253.768064
-2802.206912
-1268.286711
-2342.968696
-402.478721
-1140.559420
-143.707560
-109.805846
-2968.708235
-7902.518557
-1400.788893
-321.293206
-36807.614269
-261.728122
-1633.496192
-1225.858880
-320.351793
-1322.959525
-2649.177084
-54.300235
-1265.514279
-3739.362152
-4174.891933
-692.778936
