-622.660785
-2183.113989
-49.484157
-116.301038
-30.558933
-658.001665
-174.884862
-244.724854
-868.082446
-160.098265
-91.481901
-294.340363
-2310.490093
-16358.239881
-2288.933410
-778.275939
-618.036946
-126.210809
-781.938422
-342.785053
-209.744174
-53.427438
-257.298026
-1245.653881
-276.394772
-854.030869
-274.568754
-1141.264725
0.000000
-602.173428
-252.268974
-529.848647
-108.096214
-2873.110434
-672.221517
0.000000
-678.226040
-2438.888388
-410.257653
-307.141351
-288.854867
-1710.269829
-844.221322
-4.177763
-1147.695830
-264.947581
-3442.727072
-1372.924229
-912.240408
-139.157192
-2759.531090
-3771.717181
-48.302045
-392.671253
-1407.661816
-75.826504
-5677.846272
-39.659760
-566.775763
-253.525805
-511.598699
-103.878920
-559.403827
-4752.351502
-379.712533
-555.915450
-2745.590248
-952.799820
-330.148086
-61.813241
-678.543731
-194.071486
-1016.391265
-606.013526
-3412.579477
-7.260910
-194.014685
-1709.264695
-306.519904
-400.984048
-34.043813
-87.637188
-495.306999
-130.291190
-29.281397
-924.107194
-718.012296
-3691.057988
-58.394538
-170.898645
-1246.793151
-2359.061666
-2103.014516
-430.054539
-120.935826
-106.985965
-38.258017
-850.871370
-216.902328
-1351.080019
-924.636250
-298.182224
-3284.178519
-5291.396029
-357.041549
-137.868346
-1839.750182
-265.507975
-1903.767448
-3117.589531
-129.747027
-1600.073594
-115.028267
-2686.221192
-2130.784959
-3339.794686
-601.666549
-431.722305
-1479.615872
-942.156653
-1736.364905
-205.406010
-211.388411
-441.733295
-371.615752
-1013.277980
-213.408422
-230.614348
-219.286627
-157.228673
-10613.138688
-29.877976
-235.161798
-267.924664
-5162.867131
-3205.487387
-480.486653
-464.451401
-384.054747
-383.260517
-1759.786994
-5745.488743
-901.303123
-2078.217587
-36.608524
-425.968488
-457.035308
-1150.865980
-158.988129
-214.606125
-98.998676
-54.072779
-381.235445
-181.568887
-419.022353
-104.754895
-913.894135
-786.524054
-1089.060166
-590.062755
-989.093061
-731.368352
-11315.223169
-624.688025
-1612.229955
-197.887438
-198.808410
-366.097216
-204.275321
-2037.992894
-298.140533
-870.384761
-104.469827
-37.162125
-28.270127
-1589.051467
-7001.181510
-402.913353
-130.511791
-4278.048954
-3445.796923
-513.367585
-3432.262289
-10.717179
-265.392324
-89.472429
-46.731777
-6146.212900
-2192.135983
-2191.636626
-630.287032
-433.063524
-197.334546
-3493.596819
-701.913479
-2077.522728
-1279.340946
-1938.321054
-96.045864
-1100.195832
-680.454095
-222.531681
0.000000
-2099.963528
-42.393837
-2069.406763
-1085.289753
-1994.448106
-6624.501428
-523.567018
-55.088770
-2158.412297
-9217.487395
-248.312364
-10.018236
-108.279328
-1197.586402
-232.028387
-152.192447
-1057.221804
-173.531129
-403.947881
-16010.897775
-301.839826
0.000000
-179.637198
-1247.280888
-376.908902
-496.573341
-3210.149714
-3924.650518
-1980.297569
-2191.838130
-346.695241
-1352.328747
-383.748707
-571.255997
-419.886640
-263.519203
-109.002260
-849.771872
-770.847384
-5570.545421
-1209.639363
-332.603826
-835.825060
-242.055295
-1630.922148
-655.817117
-446.270847
-7974.292871
-364.221942
-127.430179
-3487.049753
-273.893527
-8.787918
-1342.172995
-448.694141
-1169.551996
-370.701414
-462.595400
-261.660610
-48.145730
-37.474354
-88.571547
-194.170307
-689.017816
-177.306408
-479.055370
-289.728873
-33.707569
-15.743947
-5316.423563
-51.344172
-1714.334027
-2154.593844
-93.651560
-181.548542
-59.634131
-261.564919
-247.914012
-195.513341
-246.315538
-3714.323080
-182.153505
-2724.157930
-164.140102
-1536.322158
-1064.119636
-165.116023
-596.667559
-89.336492
-496.601032
-52.671278
-131.757026
-1496.455313
-3613.399187
-396.609438
-229.416767
-1509.139738
-187.648850
-56.082898
-55.323264
-43.860027
-673.384301
-897.952716
-391.239580
-1317.051669
-300.012406
-244.078356
-115.134789
-388.566224
-1293.456960
-282.499095
-3549.116208
-515.977978
-745.039991
-278.143848
-72.416347
-8791.504238
-242.345078
-345.245201
-373.340021
-1747.674706
-1484.500621
-2297.547225
-836.978771
-14.064021
-749.933484
-202.337009
-440.542075
-175.092746
-1254.100236
-11164.903796
-33.656849
-366.684702
-1900.039965
-2918.269255
0.000000
-151.829208
-1026.574473
-503.340474
-1217.097729
-110.010271
-83.626091
-181.933394
-396.419881
-894.454877
-20.326101
-318.996249
-310.081415
-218.568998
-473.073829
-45.253166
-3762.592593
-666.495389
-152.944278
-1824.788680
-66.885680
-1123.819583
-560.638108
-1284.381448
-310.188155
-52.367229
-299.725093
-55.883969
-457.894559
-527.990462
-4280.121609
-268.137528
-1338.433630
-54.366817
-980.828126
-5065.357546
-427.942717
-2157.107192
-145.843276
-1201.830415
-151.481218
-186.833083
-1116.777911
-221.377124
-275.535422
-769.013779
-1064.977353
-581.297319
-1559.467886
-1454.394383
-500.255535
-22.271678
-6423.196739
-106.077035
-333.083593
-177.997161
-18355.993625
-1073.129953
-2681.788505
-300.117956
-270.322140
-197.868214
-713.834805
-359.258265
-10.931400
-1797.463059
-3037.158812
-263.334542
-1017.437620
-1401.779872
-54.822182
-638.834898
-268.885479
-2487.937436
-195.082431
-609.821546
-580.425353
-1520.536686
-713.967378
-395.015986
-1293.843693
-115.790535
-269.056568
-1571.609820
-2632.164523
-263.283572
-1426.707156
-918.386929
-1795.208764
-4839.951275
-2136.474240
-65.958792
-2039.679231
-538.659942
-280.427056
-3502.999342
-134.908559
-3950.253881
-104.716167
-37.084634
-694.070745
-2430.603017
-833.030330
-421.419234
-309.524009
-587.140130
-2024.898891
-964.398572
-300.556666
-11285.067890
-518.218770
-836.728147
-882.812400
-500.958863
0.000000
-462.400876
-185.930747
-3927.148872
-180.749192
0.000000
-44.133204
-327.519143
-91.839936
-1141.393054
-641.498765
-19.738342
-163.973730
-181.823430
-2901.033126
-4499.940563
-11.108064
-132.196829
-272.360851
-242.815028
-1747.865897
-198.320157
-6071.972877
-98.466571
-1139.217457
-416.477787
-853.825013
-132.477088
-525.632301
-52.174248
-54.532916
-1201.194328
-3236.999651
-566.079578
-179.784219
-15134.935656
-117.757821
-725.067381
-467.031985
-110.369648
-462.421827
-1074.081271
-27.153589
-595.251325
-1463.019321
-1582.568624
-262.129533
