-812.999251
-4148.984682
-42.432050
-216.131088
-64.089065
-391.858338
-357.300476
-520.376922
-1207.583839
-205.896789
-129.304528
-384.466224
-2605.910157
-29555.877159
-3244.947670
-1303.509105
-873.594113
-210.239421
-949.708360
-663.239501
-470.007113
-96.567569
-527.110253
-1839.768756
-452.657550
-1404.849744
-349.230982
-2191.142976
1.000000
-924.410673
-347.892517
-638.721288
-108.511936
-4061.157017
-1084.978854
1.000000
-1647.956918
-3646.195754
-648.784838
-551.080207
-482.009027
-2447.745237
-1439.616156
-1.569377
-1619.753751
-485.833282
-6284.889412
-2444.339205
-1625.974612
-232.180370
-4995.299432
-4954.809093
-84.280162
-505.166686
-2030.256463
-135.319076
-7465.951626
-69.646638
-614.016676
-401.153971
-810.460022
-149.144418
-863.174319
-6122.963906
-595.469075
-768.172384
-3729.208360
-1321.685944
-624.603193
-67.600947
-1182.629113
-279.150384
-1709.481103
-963.268026
-4535.709822
-17.878047
-241.409260
-2450.931603
-397.057062
-664.004480
-73.898839
-159.374755
-689.332291
-209.016312
-71.555788
-1215.674883
-1343.515101
-4909.260048
-104.994952
-240.834763
-2006.586921
-3908.831557
-3359.617022
-625.638859
-223.313721
-156.458478
-80.324707
-1085.199873
-357.553970
-1725.081137
-1644.920359
-540.340124
-4586.597977
-7128.769186
-686.646584
-136.774070
-2237.828364
-434.031436
-2166.502879
-4736.044404
-130.123890
-1989.972239
-159.826354
-2940.985272
-3233.551612
-5966.910211
-919.843375
-802.636626
-1926.431886
-1255.948443
-1766.361124
-337.436094
-478.639837
-582.667063
-426.060622
-1393.518739
-518.956568
-417.758088
-298.235507
-293.952495
-13244.216121
-28.570602
-413.095176
-536.611576
-5550.398103
-5494.071278
-893.758055
-582.037072
-444.428563
-695.025877
-2500.454556
-6986.233614
-1296.844823
-3328.731931
-113.568484
-644.976287
-366.042668
-2099.225539
-164.060059
-254.213100
-125.807716
-54.377159
-749.015122
-280.470175
-599.487292
-175.570775
-1626.681920
-1122.911048
-1795.013460
-910.556401
-1532.559159
-1017.874924
-14219.933216
-736.625184
-2732.718237
-330.487461
-242.017087
-535.371563
-314.539167
-3007.071550
-502.969629
-1636.144646
-121.794209
-64.604686
-61.358216
-2724.329969
-11107.604147
-530.519313
-143.181604
-5994.019277
-5620.024732
-598.551861
-4159.617508
-19.270142
-394.529656
-111.983940
-62.790784
-8884.091878
-4238.006968
-2545.472269
-792.797233
-717.800158
-315.579291
-4374.687712
-996.859366
-2875.833391
-2221.443896
-2953.893866
-142.514163
-1511.373757
-546.624533
-480.629675
1.000000
-2725.037253
-77.419278
-3641.959638
-1677.537719
-3758.174762
-9298.971007
-963.101455
-63.781526
-2606.412175
-13659.737637
-281.233240
-21.389086
-216.721885
-1739.943195
-402.763618
-218.834633
-1922.985975
-333.233675
-535.023211
-24107.464784
-572.514354
1.000000
-176.902210
-2191.796560
-680.097160
-712.300752
-4438.552904
-4406.155150
-2320.232146
-4158.819649
-501.128618
-2200.024878
-491.689626
-836.193416
-548.453178
-379.381030
-226.732784
-1311.830877
-945.294233
-6465.971776
-1622.114599
-332.218724
-1002.946753
-385.388491
-2774.147975
-1094.074531
-508.079157
-11531.968419
-520.895324
-259.298584
-5063.990344
-440.921125
-32.261034
-1642.155958
-494.346771
-1954.900604
-802.505420
-381.487491
-266.853428
-93.692343
-45.914894
-125.560162
-231.507041
-1163.380468
-219.066117
-992.087343
-434.856286
-38.302042
-15.494694
-6520.574193
-84.306380
-2514.672690
-3396.914911
-139.999755
-271.557768
-62.560919
-284.487399
-400.771313
-354.141499
-440.398780
-4337.294649
-235.583062
-3404.088159
-287.041061
-2561.101748
-1764.391343
-215.409113
-683.355266
-83.000545
-637.470744
-64.919517
-201.629154
-3016.102052
-6134.571150
-523.313281
-508.432996
-2575.535732
-253.554349
-93.404971
-89.281528
-62.932900
-1086.752537
-1317.436259
-440.337097
-1830.115754
-439.391649
-360.517868
-188.366737
-737.008366
-2216.484666
-414.370041
-4523.038292
-595.092921
-1165.227829
-357.158614
-78.497120
-14571.264042
-344.481740
-582.942574
-465.360634
-2470.261791
-1498.191122
-2726.271983
-1165.842949
-21.353966
-1246.982461
-377.914279
-774.349350
-307.574233
-1521.972924
-16114.294378
-80.931567
-837.141223
-2253.567681
-4020.778381
1.000000
-156.565164
-1315.260799
-683.365521
-2544.779097
-162.229788
-89.877242
-328.750319
-455.536454
-1123.286724
-32.924595
-614.629784
-481.395923
-351.864958
-710.591920
-74.869382
-4740.480365
-889.627310
-234.605984
-2753.137347
-137.124292
-1633.904760
-677.528922
-1920.429909
-519.176252
-102.262003
-482.125198
-102.832187
-741.815279
-682.598319
-6329.214791
-268.571893
-1662.252420
-65.795465
-1291.648419
-6539.315107
-817.032800
-2617.776556
-290.654124
-1778.346905
-248.869135
-231.132456
-1721.965657
-341.228255
-480.694445
-1297.194469
-1643.998502
-857.977285
-2300.664716
-2719.743437
-752.888768
-31.635464
-10861.930796
-228.730826
-625.602166
-295.200934
-27030.452862
-1479.972562
-4166.917275
-345.726498
-390.322219
-233.992913
-975.206980
-496.841997
-14.157350
-2854.024161
-6204.499079
-305.218593
-1550.804078
-2564.101078
-77.197984
-995.868682
-440.222367
-2282.407010
-248.188403
-750.957461
-898.603621
-2300.345468
-1056.375333
-596.786827
-1832.986561
-215.422112
-373.304354
-1977.575367
-3310.197326
-448.707831
-1548.353037
-1238.152991
-3626.088432
-6288.611916
-3532.408986
-97.076346
-3123.534465
-895.385193
-360.120295
-5543.836265
-193.346485
-5493.417005
-93.114003
-71.575434
-1244.994196
-3643.284331
-941.891545
-456.199136
-561.213706
-827.575808
-3691.194442
-1436.546781
-535.445156
-17727.188056
-633.436226
-1464.430990
-1653.638519
-886.010114
1.000000
-771.144963
-406.011969
-5995.408678
-222.380254
1.000000
-104.933609
-536.669638
-150.748036
-1298.515022
-961.068654
-16.183889
-219.462324
-236.315811
-4462.965071
-5276.921331
-42.877330
-199.842932
-482.371651
-482.989663
-2711.554375
-215.099488
-7634.926328
-155.301493
-1662.989455
-851.808924
-1489.143683
-270.001633
-614.927120
-91.533311
-55.272929
-1767.513907
-4665.518906
-834.709315
-141.508987
-21672.678613
-143.970301
-908.428811
-758.826895
-209.982145
-860.537698
-1575.095814
-27.146646
-670.262954
-2276.342832
-2592.323309
-430.649403
