1.000000
-1.788467
-37.317041
0.166667
0.166667
-12.225111
-20.335451
-46.547563
0.166667
0.166667
-44.731093
1.000000
0.166667
-32.192911
-4.067193
-5.698733
-1.914411
-58.422835
-3.827062
-39.547648
-2.014540
-45.216955
-6.001464
-17.848645
0.166667
-14.394572
-169.916615
-1.693047
-24.436202
-1.914411
0.500000
0.166667
0.166667
-3.367910
0.166667
-8.708390
-1.914411
-11.917454
0.166667
1.000000
1.000000
-31.715635
-13.191670
0.166667
-1.783491
1.000000
-1.914411
0.166667
-59.923004
0.166667
-5.067715
-10.373371
0.166667
1.000000
-144.358764
-8.041889
-8.254620
-9.963117
-4.031341
-55.783313
-3.343173
0.166667
-119.340608
0.166667
-1.349166
-29.363876
0.166667
-22.026716
-1.914411
0.166667
0.166667
1.000000
1.000000
0.166667
0.166667
-35.438911
-10.946685
0.166667
0.166667
-16.061699
-13.492310
-11.811046
-3.733649
-3.387395
1.000000
0.166667
-15.926124
-14.376714
0.166667
-10.959652
-35.212446
1.000000
-14.812024
-28.474733
-3.919293
-22.296101
-458.107336
1.000000
-1.788467
1.000000
1.000000
1.000000
-1.914411
-4.095618
0.500000
-3.738624
-7.624823
1.000000
1.000000
-143.425418
-45.934847
-80.200758
-13.908478
1.000000
0.500000
1.000000
-23.009163
-3.460340
0.166667
-8.131829
-14.474560
1.000000
1.000000
0.166667
-182.797609
-74.968911
-1.279133
-311.573694
-1.987454
-3.869544
-14.578323
-17.408846
-38.906350
-88.604936
0.166667
-3.869544
0.166667
-102.988339
0.166667
1.000000
1.000000
0.166667
0.166667
1.000000
1.000000
0.166667
0.166667
1.000000
1.000000
-1.788467
-1.950263
0.166667
-43.320618
0.166667
-4.067193
0.166667
-1.987454
1.000000
-24.684577
-16.309714
-14.232068
-16.427828
-15.878427
-10.338220
-37.525923
-6.177572
0.166667
1.000000
-1.987454
-5.802300
-11.516785
0.166667
1.000000
-5.448988
-1.788467
1.000000
-4.045238
1.000000
1.000000
1.000000
-17.856494
-64.574445
0.166667
-1.987454
0.166667
-3.550211
0.166667
-32.719101
0.166667
1.000000
-78.243651
-8.389330
1.000000
0.166667
-1.987454
-17.866647
-3.900421
-32.868185
-8.615902
-9.789272
-615.588980
-8.713827
-43.425697
-1.279133
0.166667
1.000000
-63.320323
-72.596653
-122.422614
-15.899105
-126.779865
1.000000
0.166667
-8.611510
-24.447235
1.000000
-11.345422
-71.691306
-8.157645
-1.788467
1.000000
-30.338074
1.000000
-7.620851
-48.481117
-10.017710
-5.729258
-3.094421
1.000000
-36.121485
-1.950263
-16.195491
0.166667
-1.914411
1.000000
0.166667
-2.014540
1.000000
0.166667
-94.005379
-5.468473
-12.246209
-3.028855
-7.478700
-8.177785
-1.987454
-1.987454
1.000000
-17.848080
1.000000
-107.988795
-10.741049
0.166667
0.166667
-20.999226
0.166667
-85.838133
-3.995489
-30.162681
1.000000
-4.118280
-179.143091
-18.420047
-28.765165
1.000000
-54.848960
1.000000
-7.264637
0.166667
-13.883996
-1.964160
1.000000
-105.123456
0.166667
1.000000
0.166667
-2.624833
-1.950263
-8.738252
-9.351377
-175.591127
0.166667
-1.788467
-8.207394
-1.964160
-188.305588
0.166667
-1.987454
-5.693758
-17.901334
-3.995489
1.000000
-26.893526
-18.908164
0.166667
-9.584945
0.166667
-6.299487
-5.839667
0.166667
0.166667
-12.280880
-3.738624
-6.023665
-6.221313
-17.734582
-3.884534
-1.987454
0.166667
0.166667
1.000000
-3.731643
0.166667
-1.788467
1.000000
-32.593140
-24.695894
-15.399533
1.000000
-4.068531
0.166667
-61.905562
-1.964160
-1.693047
1.000000
0.166667
1.000000
-5.819702
-204.689594
-57.159766
0.166667
-112.872165
-6.196576
0.166667
0.166667
0.166667
1.000000
0.166667
0.166667
-9.360405
1.000000
0.166667
-5.877961
0.166667
0.166667
1.000000
0.166667
-4.067193
-11.738242
-15.814021
1.000000
-10.271421
-114.877094
-8.330185
-110.071910
-6.050751
1.000000
-1.914411
0.166667
-23.250513
1.000000
-1.950263
1.000000
-3.900421
-2.014540
-5.892745
-1.987454
1.000000
1.000000
-10.298508
-5.945647
0.166667
1.000000
-33.055627
-7.774835
1.000000
-30.750581
1.000000
-3.232817
0.166667
-17.861778
0.166667
1.000000
0.166667
-16.775142
-36.068811
0.166667
0.166667
1.000000
-1.297594
-45.625834
-4.618785
1.000000
-31.831088
0.166667
-4.118280
1.000000
0.166667
1.000000
-3.738624
-31.492117
0.166667
0.166667
-3.942587
-13.160511
-1.783491
1.000000
-36.312754
-2.014540
-4.783219
1.000000
1.000000
0.166667
0.166667
-9.981858
0.166667
-15.977702
-11.858014
-1.783491
-4.031341
-12.140954
-7.986381
-6.000371
-12.253794
1.000000
1.000000
-1.693047
-4.415103
0.166667
1.000000
-3.385336
-33.977571
-23.711801
-123.153456
1.000000
-8.743700
-9.665693
-54.161947
0.166667
0.166667
-78.240245
0.166667
-18.430467
0.166667
0.166667
1.000000
0.166667
-160.611304
-37.958151
-1.788467
-4.031341
-13.870099
0.500000
-4.104383
-4.068531
0.166667
1.000000
0.166667
-4.067193
1.000000
0.166667
0.166667
0.166667
-9.736108
-3.864569
-4.118280
1.000000
-55.285812
0.166667
-6.160725
0.166667
-23.988969
1.000000
-10.340274
1.000000
-9.027028
-3.733649
-108.329743
-10.122967
-7.945553
-7.436336
-3.942587
-5.824678
-3.316544
-1.964160
0.166667
-16.071493
0.166667
-14.330926
-3.738624
-17.960682
1.000000
0.166667
-15.464682
-21.254817
1.000000
-3.460438
-1.950263
-39.733351
-30.504670
