0.000000
-0.391343
-5.551088
0.000000
0.000000
-2.113405
-2.911924
-6.165434
0.000000
0.000000
-7.284240
0.000000
0.000000
-5.894933
-0.544147
-1.174030
-0.314555
-9.399505
-2.429939
-5.063914
-0.467760
-6.145946
-0.896380
-2.854223
0.000000
-2.595798
-24.770094
-0.014857
-3.556958
-0.314555
0.000000
0.000000
0.000000
-0.241455
0.000000
-0.809233
-0.314555
-0.660647
0.000000
0.000000
0.000000
-4.917151
-1.846553
0.000000
-0.236711
0.000000
-0.314555
0.000000
-10.078857
0.000000
-0.618114
-0.932115
0.000000
0.000000
-20.646096
-1.204108
-1.608381
-1.264903
-0.586629
-7.812547
-0.179528
0.000000
-21.746468
0.000000
0.041896
-4.284954
0.000000
-1.913723
-0.314555
0.000000
0.000000
0.000000
0.000000
0.000000
0.000000
-9.022399
-0.761757
0.000000
0.000000
-2.329240
-1.300785
-2.039852
-0.473422
-0.252066
0.000000
0.000000
-2.923016
-2.167513
0.000000
-0.368158
-4.523788
0.000000
-2.217058
-1.421622
-0.775278
-3.620211
-68.443828
0.000000
-0.391343
0.000000
0.000000
0.000000
-0.314555
-0.782316
0.000000
-0.628054
-0.693131
0.000000
0.000000
-23.198584
-10.485476
-10.853917
-1.793177
0.000000
0.000000
0.000000
-3.977571
-0.482855
0.000000
-1.488215
-2.570640
0.000000
0.000000
0.000000
-41.114144
-9.421877
-0.015095
-47.219129
-0.365343
-0.705899
-2.397515
-2.049316
-6.390538
-13.397795
0.000000
-0.705899
0.000000
-17.551695
0.000000
0.000000
0.000000
0.000000
0.000000
0.000000
0.000000
0.000000
0.000000
0.000000
0.000000
-0.391343
-0.272073
0.000000
-5.988944
0.000000
-0.544147
0.000000
-0.365343
0.000000
-3.776566
-2.057376
-2.593762
-2.401421
-2.220374
-1.711536
-4.740591
-0.375126
0.000000
0.000000
-0.365343
-0.771543
-1.724082
0.000000
0.000000
-0.556011
-0.391343
0.000000
-0.698490
0.000000
0.000000
0.000000
-5.884046
-5.387933
0.000000
-0.365343
0.000000
-0.387335
0.000000
-7.870750
0.000000
0.000000
-10.960839
-1.386694
0.000000
0.000000
-0.365343
-2.464943
-0.508784
-5.173702
0.343063
-1.273418
-92.403996
-2.586705
-7.681216
-0.015095
0.000000
0.000000
-10.598752
-11.540133
-22.200356
-2.296135
-19.690747
0.000000
0.000000
-0.871104
-4.122972
0.000000
-1.334640
-12.411157
-1.258222
-0.391343
0.000000
-4.284298
0.000000
-0.149600
-6.315508
-1.529239
-0.720756
-0.024044
0.000000
-6.145040
-0.272073
-2.927889
0.000000
-0.314555
0.000000
0.000000
-0.467760
0.000000
0.000000
-8.082158
-0.566622
-2.219691
-0.233543
-0.984514
-1.436584
-0.440674
-0.365343
0.000000
-2.782881
0.000000
-12.318684
-1.350561
0.000000
0.000000
-3.540654
0.000000
-16.434807
-0.629111
-5.106596
0.000000
-0.749278
-23.052676
-3.296399
-4.486796
0.000000
-7.883872
0.000000
-1.094998
0.000000
-2.396730
-0.383935
0.000000
-16.117509
0.000000
0.000000
0.000000
0.053689
-0.272073
-1.815641
-1.715039
-28.996718
0.000000
-0.391343
-1.327601
-0.383935
-24.555761
0.000000
-0.365343
-1.019398
-2.911466
-0.629111
0.000000
-5.262665
-2.233166
0.000000
-1.314147
0.000000
-1.292369
-1.015650
0.000000
0.000000
-2.005015
-0.628054
-1.146573
-0.909490
-2.578167
-0.624307
-0.440674
0.000000
0.000000
0.000000
-2.053453
0.000000
-0.391343
0.000000
-5.576726
-3.865441
-2.225619
0.000000
-0.679898
0.000000
-9.403333
-0.383935
-0.014857
0.000000
0.000000
0.000000
-0.942610
-24.602840
-8.212970
0.000000
-15.236696
-0.676010
0.000000
0.000000
0.000000
0.000000
0.000000
0.000000
-1.288238
0.000000
0.000000
-0.448220
0.000000
0.000000
0.000000
0.000000
-0.544147
-1.624229
-2.604288
0.000000
-1.727250
-19.911436
-1.523099
-3.448669
-1.173659
0.000000
-0.314555
0.000000
-5.163969
0.000000
-0.272073
0.000000
-0.508784
-0.467760
-0.993397
-0.440674
0.000000
0.000000
-1.829667
-0.865822
0.000000
0.000000
-6.997946
-1.333953
0.000000
-5.456699
0.000000
-0.437506
0.000000
-3.056395
0.000000
0.000000
0.000000
-2.062184
-5.302317
0.000000
0.000000
0.000000
-0.027905
-6.731739
-0.175474
0.000000
-4.099495
0.000000
-0.749278
0.000000
0.000000
0.000000
-0.628054
-5.388808
0.000000
0.000000
-0.832017
-1.733624
-0.236711
0.000000
-5.000643
-0.467760
-0.387152
0.000000
0.000000
0.000000
0.000000
-1.571721
0.000000
-1.619918
-1.892961
-0.236711
-0.586629
-2.167027
-1.284063
-1.089834
-1.902598
0.000000
0.000000
-0.014857
-1.038019
0.000000
0.000000
-0.451578
-4.000898
-2.696793
-14.071958
0.000000
-1.029411
-1.609842
-7.794158
0.000000
0.000000
-9.689092
0.000000
-0.148571
0.000000
0.000000
0.000000
0.000000
-23.866648
-8.147671
-0.391343
-0.586629
-2.284869
0.000000
-0.712747
-0.679898
0.000000
0.000000
0.000000
-0.544147
0.000000
0.000000
0.000000
0.000000
-1.466255
-0.551267
-0.749278
0.000000
-5.838700
0.000000
-0.890044
0.000000
-3.819975
0.000000
-1.995532
0.000000
-0.966901
-0.473422
-16.283292
-1.518663
-1.171912
-0.885991
-0.756686
-1.097242
-0.355403
-0.383935
0.000000
-4.265442
0.000000
-2.489888
-0.628054
-2.750292
0.000000
0.000000
-2.220322
-2.904051
0.000000
-0.378185
-0.272073
-5.393834
-5.060075
