1.000000
-1.397123
-31.765952
0.166667
0.166667
-10.111706
-17.423527
-40.382129
0.166667
0.166667
-37.446853
1.000000
0.166667
-26.297978
-3.523046
-4.524703
-1.599856
-49.023330
-1.397123
-34.483734
-1.546780
-39.071009
-5.105083
-14.994422
0.166667
-11.798774
-145.146521
-1.678190
-20.879244
-1.599856
0.500000
0.166667
0.166667
-3.126455
0.166667
-7.899157
-1.599856
-11.256807
0.166667
1.000000
1.000000
-26.798484
-11.345117
0.166667
-1.546780
1.000000
-1.599856
0.166667
-49.844147
0.166667
-4.449601
-9.441256
0.166667
1.000000
-123.712669
-6.837782
-6.646239
-8.698214
-3.444712
-47.970766
-3.163645
0.166667
-97.594140
0.166667
-1.391062
-25.078922
0.166667
-20.112993
-1.599856
0.166667
0.166667
1.000000
1.000000
0.166667
0.166667
-26.416512
-10.184929
0.166667
0.166667
-13.732458
-12.191526
-9.771194
-3.260227
-3.135329
1.000000
0.166667
-13.003108
-12.209201
0.166667
-10.591494
-30.688658
1.000000
-12.594966
-27.053111
-3.144015
-18.675890
-389.663508
1.000000
-1.397123
1.000000
1.000000
1.000000
-1.599856
-3.313302
0.500000
-3.110570
-6.931692
1.000000
1.000000
-120.226834
-35.449371
-69.346841
-12.115301
1.000000
0.500000
1.000000
-19.031592
-2.977485
0.166667
-6.643615
-11.903921
1.000000
1.000000
0.166667
-141.683465
-65.547034
-1.264039
-264.354564
-1.622111
-3.163645
-12.180808
-15.359530
-32.515813
-75.207142
0.166667
-3.163645
0.166667
-85.436644
0.166667
1.000000
1.000000
0.166667
0.166667
1.000000
1.000000
0.166667
0.166667
1.000000
1.000000
-1.397123
-1.678190
0.166667
-37.331673
0.166667
-3.523046
0.166667
-1.622111
1.000000
-20.908011
-14.252338
-11.638306
-14.026407
-13.658052
-8.626684
-32.785332
-5.802446
0.166667
1.000000
-1.622111
-5.030757
-9.792703
0.166667
1.000000
-4.892977
-1.397123
1.000000
-3.346748
1.000000
1.000000
1.000000
-11.972448
-59.186512
0.166667
-1.622111
0.166667
-3.162876
0.166667
-24.848351
0.166667
1.000000
-67.282811
-7.002637
1.000000
0.166667
-1.622111
-15.401704
-3.391636
-27.694483
-8.958965
-8.515855
-523.184983
-6.127121
-35.744481
-1.264039
0.166667
1.000000
-52.721572
-61.056520
-100.222259
-13.602971
-107.089118
1.000000
0.166667
-7.740406
-20.324263
1.000000
-10.010782
-59.280149
-6.899423
-1.397123
1.000000
-26.053776
1.000000
-7.471251
-42.165609
-8.488471
-5.008502
-3.070376
1.000000
-29.976445
-1.678190
-13.267602
0.166667
-1.599856
1.000000
0.166667
-1.546780
1.000000
0.166667
-85.923221
-4.901851
-10.026518
-2.795312
-6.494186
-6.741201
-1.546780
-1.622111
1.000000
-15.065199
1.000000
-95.670111
-9.390488
0.166667
0.166667
-17.458573
0.166667
-69.403327
-3.366378
-25.056085
1.000000
-3.369003
-156.090416
-15.123649
-24.278369
1.000000
-46.965088
1.000000
-6.169639
0.166667
-11.487266
-1.580225
1.000000
-89.005946
0.166667
1.000000
0.166667
-2.678522
-1.678190
-6.922611
-7.636338
-146.594408
0.166667
-1.397123
-6.879792
-1.580225
-163.749827
0.166667
-1.622111
-4.674360
-14.989868
-3.366378
1.000000
-21.630862
-16.674998
0.166667
-8.270799
0.166667
-5.007119
-4.824017
0.166667
0.166667
-10.275865
-3.110570
-4.877092
-5.311823
-15.156415
-3.260227
-1.546780
0.166667
0.166667
1.000000
-1.678190
0.166667
-1.397123
1.000000
-27.016414
-20.830453
-13.173914
1.000000
-3.388633
0.166667
-52.502229
-1.580225
-1.678190
1.000000
0.166667
1.000000
-4.877092
-180.086754
-48.946795
0.166667
-97.635470
-5.520567
0.166667
0.166667
0.166667
1.000000
0.166667
0.166667
-8.072167
1.000000
0.166667
-5.429740
0.166667
0.166667
1.000000
0.166667
-3.523046
-10.114014
-13.209733
1.000000
-8.544171
-94.965658
-6.807086
-106.623241
-4.877092
1.000000
-1.599856
0.166667
-18.086544
1.000000
-1.678190
1.000000
-3.391636
-1.546780
-4.899347
-1.546780
1.000000
1.000000
-8.468840
-5.079825
0.166667
1.000000
-26.057681
-6.440882
1.000000
-25.293882
1.000000
-2.795312
0.166667
-14.805383
0.166667
1.000000
0.166667
-14.712958
-30.766493
0.166667
0.166667
1.000000
-1.269689
-38.894095
-4.443311
1.000000
-27.731593
0.166667
-3.369003
1.000000
0.166667
1.000000
-3.110570
-26.103309
0.166667
0.166667
-3.110570
-11.426887
-1.546780
1.000000
-31.312111
-1.546780
-4.396066
1.000000
1.000000
0.166667
0.166667
-8.410137
0.166667
-14.357783
-9.965053
-1.546780
-3.444712
-9.973927
-6.702318
-4.910537
-10.351196
1.000000
1.000000
-1.678190
-3.377084
0.166667
1.000000
-2.933758
-29.976673
-21.015007
-109.081499
1.000000
-7.714289
-8.055851
-46.367789
0.166667
0.166667
-68.551154
0.166667
-18.281896
0.166667
0.166667
1.000000
0.166667
-136.744656
-29.810480
-1.397123
-3.444712
-11.585230
0.500000
-3.391636
-3.388633
0.166667
1.000000
0.166667
-3.523046
1.000000
0.166667
0.166667
0.166667
-8.269853
-3.313302
-3.369003
1.000000
-49.447113
0.166667
-5.270680
0.166667
-20.168994
1.000000
-8.344742
1.000000
-8.060127
-3.260227
-92.046451
-8.604304
-6.773641
-6.550345
-3.185901
-4.727435
-2.961142
-1.580225
0.166667
-11.806051
0.166667
-11.841038
-3.110570
-15.210391
1.000000
0.166667
-13.244359
-18.350766
1.000000
-3.082253
-1.678190
-34.339516
-25.444595
