-3.003037
-3.971701
0.000000
-1.835376
0.000000
-3.236959
0.000000
-0.002515
-4.666047
-0.272073
0.000000
-4.915740
-6.841452
-114.052143
-22.910354
-2.215263
-10.839395
-1.013046
-2.001970
-3.191243
-3.168358
-1.378892
-1.538601
-3.111114
-0.249809
-2.235192
-0.831089
-15.874620
0.000000
-3.918879
0.000000
-1.131177
-0.314555
-1.807528
-1.621493
0.000000
-4.720855
-2.742406
0.000000
-2.805215
-0.314555
-1.653426
-1.410741
0.000000
-6.193123
-2.795974
-21.820475
-12.914814
-4.492284
-2.131293
-18.363581
-239.443771
-0.365343
-3.263013
-5.249437
-1.082425
-27.674922
-1.299777
-5.193521
-2.615934
-1.504507
0.002244
-1.249757
-8.213997
-1.363812
-3.574392
-14.404162
-1.475852
-4.446310
0.000000
-5.877291
-0.814706
-6.849158
-24.264383
-26.909805
0.000000
-0.886680
-7.085324
-0.314555
-0.705899
-0.467760
-1.174030
-0.038810
-4.783091
-0.314555
-4.407458
-2.964578
-14.158309
0.000000
-1.685214
-5.352276
-7.863388
-16.738677
-5.517267
-0.628054
-1.353036
0.002713
-3.529495
-0.210146
-8.265331
-1.627959
-1.147658
-10.401073
-18.603131
-2.453710
0.000000
-9.612594
-2.389770
-27.453560
-5.964233
0.000000
-12.691538
-1.134132
-43.658517
-10.020870
-11.247956
-2.045143
-0.232139
-4.377663
-5.419300
-26.238043
-1.002759
-0.391343
-6.915260
-1.147658
-1.122062
-2.626481
-0.349447
-1.326834
-0.755229
-151.056879
0.000000
-0.601490
-1.776084
-62.776357
-16.523235
-3.716647
-2.249882
-3.944654
-0.782316
-4.797517
-31.881530
-1.351994
-44.494030
0.000000
-2.161075
-1.418646
0.000000
0.000000
-2.959033
0.000000
-0.272073
-0.467760
-0.365343
-1.045241
-0.236711
-4.445695
-3.520947
-9.327453
-0.857119
-5.169136
-3.829532
-84.488312
-1.426173
-5.795201
-0.809267
-1.565003
-2.107990
-0.778679
-7.421586
-0.782687
-3.915205
-1.308079
0.000000
0.000000
-11.069731
-42.864828
-1.403333
0.019880
-5.420914
-22.593858
-0.174222
-7.663193
0.000000
-1.865503
-2.081868
0.000000
-19.984686
-14.409213
-1.625811
-3.129170
-3.255579
-0.314555
-15.123637
-2.792669
-18.055182
-2.088086
-36.387441
-0.629111
-7.514390
-0.560927
-0.965375
0.000000
-8.187940
0.000000
-2.518483
-2.800000
-16.217985
-26.224325
-3.309788
0.000000
-0.814923
-32.478163
-4.282414
-0.628054
-0.314555
-6.346066
-2.032909
-0.430734
-3.176180
-0.446857
-5.183237
-107.529303
-1.291520
0.000000
-1.790002
-3.345438
-4.818538
-2.465738
-17.031706
-8.254683
-10.678273
-40.314585
-4.692182
-4.667590
-3.035203
-4.305112
-1.637383
-0.652285
0.000000
-2.607730
-0.467760
-33.487529
-3.132124
-6.846728
-7.465086
-0.859104
-9.163675
-4.541558
-3.751968
-47.885274
-4.620406
0.030618
-17.262449
-0.945201
-0.010905
-7.228291
-2.321882
-2.404559
-3.555801
-2.270506
-0.272073
-0.881347
0.000000
-0.225579
-5.483899
-3.571151
-0.500450
-2.751527
-1.956626
-0.272073
0.000000
-22.493088
-0.851695
-1.528255
-5.229430
-1.223361
-0.421153
-0.014857
-0.663417
-0.775278
-1.488989
0.000000
-41.370630
-2.448603
-13.491772
-0.656008
-3.701309
-12.082829
-0.391343
-1.629561
-0.365343
-6.627720
0.000000
-1.306496
-6.329144
-19.050623
-0.782687
-0.015095
-8.445290
-2.108274
0.000000
-0.663417
0.000000
-3.548675
-0.637416
-1.834776
-3.818226
-2.799386
-0.314555
0.000000
-2.685946
-8.190321
-6.556778
-13.985925
-2.135426
-4.412553
-0.756686
0.000000
-103.123185
-2.073655
-0.705899
0.000000
-4.216863
-4.040075
-25.353360
-4.202087
0.000000
-4.010300
0.000000
-2.745666
0.000000
-2.169381
-44.512584
0.000000
-2.404627
-18.739114
-9.616139
0.000000
-0.010905
-2.574127
-0.629111
-3.439867
-1.028760
0.000000
-2.467451
-0.594081
-7.421318
0.000000
-1.397978
0.000000
-3.539320
-4.981718
0.000000
-21.458724
-5.937380
0.000000
-14.089116
0.033786
-3.320616
-10.642694
-6.830084
-0.602054
0.000000
-3.877528
-0.391343
-1.097242
-4.162341
-22.606606
0.000000
-11.910029
0.000000
-2.893151
-21.642670
-4.455821
-12.420130
-0.365343
-7.547838
-1.408912
0.000000
-8.785997
-0.314555
-0.325460
-1.906088
-5.838579
-2.404070
-11.179754
-7.189518
-2.279391
0.000000
-21.279814
-1.028760
-1.424830
-0.643410
-68.749926
-5.537204
-10.243950
-1.452581
-1.462585
-0.467760
-3.040098
-4.076122
0.000000
-7.727009
-3.074275
-1.326545
-2.016072
-10.900974
0.000000
-1.306329
-0.900290
-32.379317
-4.060087
-0.780695
-3.393324
-9.310457
-0.629111
-0.222590
-4.643134
0.000000
-0.782687
-10.340392
-29.644670
-0.475773
-16.462341
-0.313573
-2.816634
-15.576782
-5.718388
-0.210146
-33.211572
-1.024689
-3.080042
-16.154488
-0.787978
-14.672672
-0.467760
-0.628054
-3.047180
-6.506281
-10.101553
-0.482220
-0.467760
-2.998915
-22.014278
-8.243071
-0.665321
-18.738564
-0.628054
-4.339867
-0.767870
0.023048
0.000000
-1.042727
-2.500418
-5.637039
0.000000
0.000000
0.000000
-6.120178
-0.698490
-1.034989
-0.026546
-0.314555
-0.162985
-3.967246
-19.655931
-32.090051
0.000000
-1.404389
0.000000
0.000000
-14.545946
0.000000
-102.111939
-0.586629
-3.755843
-0.440674
-6.693021
-0.698490
-3.622908
0.000000
0.000000
-8.199307
-25.583774
-1.902598
-0.391343
-44.290860
-0.749278
-1.906326
-1.143664
-0.391343
-4.981813
-5.420782
0.000000
-1.122029
-16.924290
-7.756380
-0.210146
