-14.057176
-22.007862
0.166667
-10.332949
0.166667
-18.605891
0.166667
-1.127653
-24.624919
-1.678190
0.166667
-15.101978
-35.487856
-642.554412
-73.687660
-11.634533
-53.520257
-5.113270
-11.326051
-19.954564
-15.492919
-3.036211
-8.844868
-17.132418
-4.024930
-10.426527
-6.016726
-86.546947
1.000000
-18.525538
0.166667
-4.955426
-1.599856
-13.170743
-14.396139
1.000000
-24.130930
-22.322944
0.166667
-19.120495
-1.599856
-11.391291
-6.238149
0.166667
-29.045008
-13.067374
-110.492626
-69.819412
-19.618101
-11.990695
-89.287111
-1279.282063
-1.622111
-13.201169
-24.995615
-5.093639
-146.502318
-4.824017
-18.641749
-13.558816
-6.848972
-1.275537
-6.826717
-87.352347
-8.416737
-18.676578
-75.742173
-7.047166
-24.501591
0.166667
-32.876103
-11.690870
-31.955438
-120.534461
-149.371019
0.166667
-4.899347
-40.667127
-1.599856
-3.163645
-1.546780
-4.524703
-2.656667
-3.163645
-1.599856
-26.065810
-13.403445
-78.611795
0.166667
-7.975184
-22.746548
-61.486898
-97.631080
-30.799111
-3.110570
-9.272909
-2.717954
-16.484894
-1.715380
-41.937314
-18.114841
-5.102080
-54.336479
-107.341416
-24.840172
0.166667
-54.686776
-11.669126
-121.526436
-33.136817
0.166667
-66.592921
-6.636432
-250.085729
-59.955134
-74.319995
-11.837030
-3.256145
-29.667050
-27.559277
-114.610550
-5.255745
-1.397123
-40.802799
-5.102080
-14.100496
-13.382573
-2.954852
-6.650625
-3.313302
-825.590469
0.166667
-3.279170
-8.026927
-417.472609
-80.101690
-18.864430
-10.489303
-20.383013
-3.313302
-31.850337
-215.916229
-9.131945
-239.286965
0.166667
-10.029627
-6.721948
0.166667
0.166667
-17.108893
0.166667
-1.678190
-1.546780
-1.622111
-5.177411
-1.546780
-28.772584
-16.791219
-49.377123
-12.298025
-25.657151
-20.131213
-372.279157
-13.108581
-26.820799
-4.887051
-6.440882
-14.279690
-4.726665
-52.006242
-2.960913
-26.865032
-9.468822
0.166667
0.166667
-62.596009
-225.191205
-6.421251
-2.511395
-35.237513
-148.528039
-3.082253
-58.643809
0.166667
-10.317442
-4.298345
0.166667
-111.161276
-71.301472
-7.579555
-21.639417
-21.300916
-1.599856
-97.329360
-17.569578
-90.904049
-11.331926
-197.533791
-3.366378
-38.182599
-7.118489
-5.195349
1.000000
-52.818262
0.166667
-19.578904
-17.465177
-86.825586
-138.785972
-14.854026
0.166667
-7.690720
-248.459037
-22.556767
-3.110570
-1.599856
-42.554996
-8.435017
-2.885811
-16.245280
-3.428827
-28.489928
-586.302132
-6.519165
1.000000
-12.178183
-21.181827
-24.115238
-11.820025
-88.229098
-59.536051
-63.849701
-197.701882
-25.173895
-27.114411
-15.376708
-23.123510
-13.710654
-4.415350
0.166667
-11.656553
-1.546780
-304.493542
-18.764095
-31.054900
-38.157400
-3.110570
-51.132685
-22.565379
-17.062075
-257.368093
-25.829632
-1.281599
-108.878828
-8.223289
-1.220311
-42.056501
-15.917419
-16.078464
-21.260138
-34.572145
-1.678190
-3.260227
0.166667
-2.720150
-14.110174
-20.300264
-4.178129
-17.176951
-11.364217
-1.678190
0.166667
-167.463270
-3.293672
-10.273812
-25.936784
-4.674360
-4.494822
-1.678190
-3.241979
-3.144015
-5.180363
0.166667
-168.008816
-10.509939
-83.169450
-3.425081
-22.142470
-67.773206
-1.397123
-8.083006
-1.622111
-39.906271
0.166667
-6.793271
-37.382083
-109.579159
-2.960913
-1.264039
-44.293096
-13.575735
0.166667
-3.241979
0.166667
-19.488320
-3.466967
-8.532981
-17.403283
-16.217841
-1.599856
0.166667
-11.357239
-44.975128
-29.394377
-81.199713
-16.570007
-25.623019
-3.185901
0.166667
-535.625307
-22.831301
-3.163645
0.166667
-23.573437
-26.179078
-77.336022
-21.633454
0.166667
-22.099413
0.166667
-18.184526
0.166667
-10.130216
-197.674526
0.166667
-13.513982
-98.481921
-62.083584
1.000000
-1.220311
-12.743055
-3.366378
-17.281388
-5.030757
0.166667
-14.215519
-3.462272
-59.573958
0.166667
-8.586057
0.166667
-8.585052
-30.023893
0.166667
-122.172509
-29.062606
0.166667
-77.793845
-2.530130
-18.526730
-63.280191
-38.152174
-3.335558
0.166667
-22.611823
-1.397123
-4.727435
-24.526490
-88.532268
0.166667
-70.939857
0.166667
-18.611210
-129.940044
-24.600353
-73.854377
-1.622111
-35.410148
-8.513729
0.166667
-44.140151
-1.599856
-2.986833
-12.540849
-43.754373
-11.914677
-65.553486
-39.500855
-13.530176
0.166667
-75.314643
-5.030757
-8.603995
-4.699119
-350.017460
-27.368422
-56.553029
-6.949939
-6.516213
-1.546780
-15.065199
-25.378155
0.166667
-34.583853
-19.331051
-6.623984
-9.610347
-70.754015
0.166667
-8.364072
-7.883086
-185.709363
-12.971730
-7.529057
-15.365158
-51.110571
-3.366378
-6.129503
-25.490456
0.166667
-2.960913
-73.924376
-169.088665
-3.152456
-124.789997
-9.687370
-24.786978
-121.355378
-30.614292
-1.715380
-206.657275
-6.740196
-16.991676
-93.628482
-5.026749
-83.354089
-1.546780
-3.110570
-20.923994
-60.652106
-52.411175
-3.560236
-1.546780
-15.744170
-108.422826
-40.760568
-4.903323
-129.603142
-3.110570
-26.055989
-3.327117
-3.759927
1.000000
-5.049004
-12.043392
-32.245998
0.166667
1.000000
0.166667
-33.506313
-3.346748
-10.239777
-4.771578
-1.599856
-7.453750
-23.293750
-96.789860
-175.595234
0.166667
-6.677060
0.166667
0.166667
-74.412053
0.166667
-579.129512
-3.444712
-19.048232
-1.546780
-38.067130
-3.346748
-21.264115
0.166667
0.166667
-32.803705
-137.615347
-10.351196
-1.397123
-253.343123
-3.369003
-12.475073
-19.331729
-1.397123
-26.566488
-40.527227
0.166667
-4.974678
-82.064728
-51.339306
-1.715380
