-17.060213
-25.979563
0.166667
-12.168325
0.166667
-21.842851
0.166667
-1.130169
-29.290966
-1.950263
0.166667
-20.017717
-42.329308
-756.606555
-96.598014
-13.849796
-64.359652
-6.126316
-13.328020
-23.145807
-18.661278
-4.415103
-10.383469
-20.243533
-4.274739
-12.661719
-6.847814
-102.421567
1.000000
-22.444417
0.166667
-6.086603
-1.914411
-14.978271
-16.017632
1.000000
-28.851786
-25.065350
0.166667
-21.925710
-1.914411
-13.044717
-7.648891
0.166667
-35.238131
-15.863348
-132.313100
-82.734226
-24.110385
-14.121988
-107.650692
-1518.725834
-1.987454
-16.464182
-30.245052
-6.176065
-174.177240
-6.123794
-23.835270
-16.174750
-8.353478
-1.273293
-8.076473
-95.566344
-9.780548
-22.250970
-90.146335
-8.523018
-28.947901
0.166667
-38.753394
-12.505576
-38.804596
-144.798844
-176.280824
0.166667
-5.786027
-47.752451
-1.914411
-3.869544
-2.014540
-5.698733
-2.695476
-7.946736
-1.914411
-30.473267
-16.368023
-92.770104
0.166667
-9.660398
-28.098824
-69.350286
-114.369757
-36.316378
-3.738624
-10.625944
-2.715241
-20.014389
-1.925526
-50.202645
-19.742800
-6.249738
-64.737552
-125.944547
-27.293882
0.166667
-64.299371
-14.058896
-148.979996
-39.101050
0.166667
-79.284459
-7.770564
-293.744246
-69.976004
-85.567951
-13.882173
-3.488283
-34.044714
-32.978577
-140.848593
-6.258504
-1.788467
-47.718059
-6.249738
-15.222558
-16.009054
-3.304299
-7.977459
-4.068531
-976.647347
0.166667
-3.880660
-9.803011
-480.248966
-96.624925
-22.581077
-12.739186
-24.327668
-4.095618
-36.647854
-247.797759
-10.483939
-283.780995
0.166667
-12.190702
-8.140594
0.166667
0.166667
-20.067925
0.166667
-1.950263
-2.014540
-1.987454
-6.222652
-1.783491
-33.218279
-20.312166
-58.704577
-13.155144
-30.826287
-23.960746
-456.767469
-14.534754
-32.616000
-5.696319
-8.005884
-16.387681
-5.505344
-59.427828
-3.743600
-30.780236
-10.776901
0.166667
0.166667
-73.665740
-268.056033
-7.824584
-2.491515
-40.658427
-171.121897
-3.256475
-66.307003
0.166667
-12.182945
-6.380214
0.166667
-131.145963
-85.710685
-9.205366
-24.768587
-24.556494
-1.914411
-112.452997
-20.362247
-108.959231
-13.420012
-233.921232
-3.995489
-45.696989
-7.679416
-6.160725
1.000000
-61.006203
0.166667
-22.097387
-20.265178
-103.043571
-165.010297
-18.163814
0.166667
-8.505643
-280.937200
-26.839181
-3.738624
-1.914411
-48.901062
-10.467926
-3.316544
-19.421460
-3.875684
-33.673165
-693.831435
-7.810685
1.000000
-13.968186
-24.527266
-28.933776
-14.285763
-105.260804
-67.790734
-74.527974
-238.016467
-29.866077
-31.782002
-18.411910
-27.428622
-15.348037
-5.067634
0.166667
-14.264283
-2.014540
-337.981071
-21.896219
-37.901628
-45.622486
-3.969673
-60.296360
-27.106937
-20.814043
-305.253367
-30.450038
-1.250980
-126.141277
-9.168491
-1.231216
-49.284792
-18.239301
-18.483022
-24.815939
-36.842651
-1.950263
-4.141574
0.166667
-2.945729
-19.594073
-23.871414
-4.678579
-19.928478
-13.320844
-1.950263
0.166667
-189.956357
-4.145367
-11.802067
-31.166214
-5.897720
-4.915975
-1.693047
-3.905396
-3.919293
-6.669352
0.166667
-209.379445
-12.958542
-96.661222
-4.081090
-25.843779
-79.856036
-1.788467
-9.712567
-1.987454
-46.533991
0.166667
-8.099767
-43.711227
-128.629782
-3.743600
-1.279133
-52.738386
-15.684009
0.166667
-3.905396
0.166667
-23.036995
-4.104383
-10.367757
-21.221509
-19.017227
-1.914411
0.166667
-14.043185
-53.165449
-35.951156
-95.185638
-18.705433
-30.035572
-3.942587
0.166667
-638.748492
-24.904956
-3.869544
0.166667
-27.790300
-30.219152
-102.689382
-25.835541
0.166667
-26.109713
0.166667
-20.930193
0.166667
-12.299597
-242.187110
0.166667
-15.918610
-117.221035
-71.699723
1.000000
-1.231216
-15.317182
-3.995489
-20.721255
-6.059517
0.166667
-16.682970
-4.056353
-66.995276
0.166667
-9.984035
0.166667
-12.124373
-35.005612
0.166667
-143.631232
-34.999986
0.166667
-91.882961
-2.496344
-21.847347
-73.922885
-44.982259
-3.937611
0.166667
-26.489351
-1.788467
-5.824678
-28.688831
-111.138874
0.166667
-82.849886
0.166667
-21.504361
-151.582714
-29.056174
-86.274508
-1.987454
-42.957986
-9.922642
0.166667
-52.926148
-1.914411
-3.312294
-14.446938
-49.592952
-14.318747
-76.733240
-46.690373
-15.809568
0.166667
-96.594457
-6.059517
-10.028825
-5.342529
-418.767386
-32.905626
-66.796979
-8.402520
-7.978798
-2.014540
-18.105297
-29.454277
0.166667
-42.310862
-22.405326
-7.950529
-11.626419
-81.654988
0.166667
-9.670401
-8.783376
-218.088680
-17.031817
-8.309753
-18.758482
-60.421029
-3.995489
-6.352093
-30.133590
0.166667
-3.743600
-84.264768
-198.733335
-3.628228
-141.252337
-10.000943
-27.603612
-136.932160
-36.332680
-1.925526
-239.868847
-7.764884
-20.071718
-109.782970
-5.814727
-98.026761
-2.014540
-3.738624
-23.971174
-67.158386
-62.512728
-4.042456
-2.014540
-18.743085
-130.437104
-49.003639
-5.568644
-148.341707
-3.738624
-30.395856
-4.094987
-3.736879
1.000000
-6.091732
-14.543810
-37.883037
0.166667
1.000000
0.166667
-39.626492
-4.045238
-11.274766
-4.798124
-1.914411
-7.616735
-27.260995
-116.445791
-207.685285
0.166667
-8.081449
0.166667
0.166667
-88.957998
0.166667
-681.241451
-4.031341
-22.804075
-1.987454
-44.760151
-4.045238
-24.887023
0.166667
0.166667
-41.003012
-163.199121
-12.253794
-1.788467
-297.633983
-4.118280
-14.381399
-20.475393
-1.788467
-31.548301
-45.948009
0.166667
-6.096707
-98.989017
-59.095687
-1.925526
